time_s,est_x,est_y,est_theta_deg,gt_x,gt_y,gt_theta_deg,cov_x,cov_y,cov_theta_deg2,K_theta
0.066768,0.000197,0.000000,0.008194,0.000002,0.000000,0.000118,0.174677896,0.174677897,21.629503,0.131774
0.116768,0.000484,0.000000,0.020184,0.001693,0.000001,0.057259,0.175669886,0.175669888,21.629503,0.131774
0.166768,0.002691,0.000004,0.085790,0.004534,0.000006,0.134041,0.177002532,0.177002609,21.629503,0.131774
0.216768,0.005854,0.000011,0.178137,0.008130,0.000018,0.254943,0.178505080,0.178505271,21.629503,0.131774
0.266768,0.010190,0.000038,0.398449,0.012803,0.000048,0.488993,0.180009928,0.180010455,21.629503,0.131774
0.316768,0.015103,0.000076,0.681615,0.017369,0.000100,0.806807,0.181515904,0.181516877,21.629503,0.131774
0.366768,0.019579,0.000150,1.129543,0.021363,0.000170,1.219329,0.183018946,0.183020402,21.629503,0.131774
0.416768,0.023849,0.000239,1.655542,0.025141,0.000268,1.760758,0.184520598,0.184522555,21.629503,0.131774
0.466768,0.028057,0.000392,2.345477,0.028956,0.000406,2.399874,0.186010469,0.186012949,21.629503,0.131774
0.516768,0.032235,0.000574,3.112358,0.032858,0.000596,3.144776,0.187494814,0.187497828,21.629503,0.131774
0.566768,0.035748,0.000779,3.786030,0.037125,0.000863,3.982150,0.188665391,0.188668884,21.629503,0.131774
0.616768,0.038918,0.000997,4.411682,0.041561,0.001207,4.874938,0.189674083,0.189678024,21.629503,0.131774
0.666768,0.043449,0.001409,5.325795,0.046207,0.001642,5.832806,0.191012671,0.191017305,21.629503,0.131774
0.716768,0.048630,0.001914,6.377757,0.051198,0.002198,6.854164,0.192508736,0.192514180,21.629503,0.131774
0.766768,0.054229,0.002617,7.491852,0.056025,0.002822,7.846157,0.193990894,0.193997289,21.629503,0.131774
0.816768,0.060033,0.003416,8.636611,0.061527,0.003631,8.930513,0.195466253,0.195473667,21.629503,0.131774
0.866768,0.066527,0.004496,9.844902,0.066884,0.004523,9.971120,0.196979483,0.196988136,21.629503,0.131774
0.916768,0.073412,0.005736,11.089577,0.073364,0.005732,11.150561,0.198514184,0.198524198,21.629503,0.131774
0.966768,0.078903,0.006849,12.051430,0.079911,0.007090,12.295748,0.199682908,0.199694060,21.629503,0.131774
1.016768,0.083749,0.007903,12.882460,0.086793,0.008662,13.471685,0.200682063,0.200694249,21.629503,0.131774
1.066768,0.090841,0.009660,14.013339,0.093895,0.010441,14.642167,0.202024254,0.202038062,21.629503,0.131774
1.116768,0.098983,0.011746,15.284558,0.101861,0.012601,15.819441,0.203526688,0.203542394,21.629503,0.131774
1.166768,0.108035,0.014369,16.485832,0.110230,0.015052,16.919553,0.205022878,0.205040883,21.629503,0.131774
1.216768,0.117505,0.017239,17.655246,0.119207,0.017859,17.946646,0.206516193,0.206536682,21.629503,0.131774
1.266768,0.128194,0.020812,18.762923,0.129302,0.021233,19.013810,0.207999048,0.208022632,21.629503,0.131774
1.316768,0.139467,0.024722,19.841227,0.140353,0.025140,20.018527,0.209476878,0.209503851,21.629503,0.131774
1.366768,0.148930,0.028196,20.691536,0.151739,0.029400,21.033546,0.210659455,0.210689402,21.629503,0.131774
1.416768,0.157397,0.031429,21.416481,0.163331,0.033964,22.003054,0.211679470,0.211712163,21.629503,0.131774
1.466768,0.169403,0.036346,22.348566,0.175442,0.038963,22.925997,0.213024136,0.213060945,21.629503,0.131774
1.516768,0.183049,0.042043,23.376771,0.189028,0.044829,23.894347,0.214519215,0.214560775,21.629503,0.131774
1.566768,0.196605,0.048082,24.313709,0.202683,0.051003,24.829025,0.215934388,0.215980828,21.629503,0.131774
1.616768,0.210119,0.054286,25.207035,0.216187,0.057350,25.670396,0.217311196,0.217362577,21.629503,0.131774
1.666768,0.219703,0.058761,25.830204,0.222954,0.060628,26.095825,0.218274538,0.218329450,21.629503,0.131774
1.716768,0.225274,0.061472,26.177680,0.230728,0.064467,26.566331,0.218815720,0.218872721,21.629503,0.131774
1.766768,0.238250,0.068086,26.896151,0.246195,0.072345,27.427272,0.219991767,0.220053811,21.629503,0.131774
1.816768,0.255301,0.076849,27.818898,0.261555,0.080409,28.209245,0.221517227,0.221585937,21.629503,0.131774
1.866768,0.272944,0.086398,28.710745,0.278232,0.089512,29.061609,0.223030960,0.223106661,21.629503,0.131774
1.916768,0.290871,0.096325,29.587897,0.295298,0.099138,29.867154,0.224539064,0.224621910,21.629503,0.131774
1.966768,0.309682,0.107251,30.405340,0.312463,0.109135,30.618248,0.226044780,0.226135198,21.629503,0.131774
2.016768,0.328905,0.118641,31.195127,0.330309,0.119844,31.340824,0.227549386,0.227647573,21.629503,0.131774
2.066768,0.348892,0.130991,31.926607,0.348798,0.131248,32.025875,0.229053233,0.229159489,21.629503,0.131774
2.116768,0.369232,0.143784,32.631183,0.367852,0.143314,32.671899,0.230556728,0.230671192,21.629503,0.131774
2.166768,0.385359,0.154169,33.082257,0.387654,0.156143,33.208038,0.231720794,0.231841734,21.629503,0.131774
2.216768,0.399521,0.163429,33.415037,0.407234,0.169053,33.621268,0.232726425,0.232853030,21.629503,0.131774
2.266768,0.418860,0.176330,33.737785,0.427062,0.182308,33.924791,0.234075027,0.234209307,21.629503,0.131774
2.316768,0.440579,0.190903,34.055931,0.447467,0.196094,34.173305,0.235581169,0.235724045,21.629503,0.131774
2.366768,0.462474,0.205769,34.252976,0.468043,0.210109,34.341323,0.237079526,0.237231020,21.629503,0.131774
2.416768,0.484450,0.220771,34.394252,0.488546,0.224142,34.430460,0.238574297,0.238734419,21.629503,0.131774
2.466768,0.506603,0.235960,34.465117,0.508306,0.237703,34.495472,0.240077064,0.240245853,21.629503,0.131774
2.516768,0.528845,0.251241,34.500989,0.529158,0.252039,34.510883,0.241583806,0.241761280,21.629503,0.131774
2.566768,0.546233,0.263190,34.504458,0.550329,0.266592,34.496381,0.242761812,0.242946077,21.629503,0.131774
2.616768,0.561197,0.273474,34.491746,0.570969,0.280770,34.469278,0.243775676,0.243965784,21.629503,0.131774
2.666768,0.581154,0.287162,34.447254,0.591605,0.294923,34.413961,0.245127019,0.245324950,21.629503,0.131774
2.716768,0.603414,0.302422,34.388100,0.611887,0.308804,34.355461,0.246634065,0.246840731,21.629503,0.131774
2.766768,0.625699,0.317645,34.317345,0.632760,0.323055,34.288933,0.248141291,0.248356761,21.629503,0.131774
2.816768,0.647994,0.332853,34.241219,0.653576,0.337229,34.211463,0.249648602,0.249872907,21.629503,0.131774
2.866768,0.670347,0.348036,34.161624,0.674197,0.351230,34.136547,0.251157567,0.251390803,21.629503,0.131774
2.916768,0.692726,0.363209,34.080419,0.694749,0.365147,34.062930,0.252667301,0.252909513,21.629503,0.131774
2.966768,0.715092,0.378309,34.000021,0.715255,0.378991,33.981059,0.254174102,0.254425358,21.629503,0.131774
3.016768,0.737452,0.393374,33.919992,0.735983,0.392946,33.916505,0.255679560,0.255939892,21.629503,0.131774
3.066768,0.754733,0.404985,33.859749,0.756770,0.406903,33.842081,0.256842037,0.257109424,21.629503,0.131774
3.116768,0.769657,0.414993,33.808691,0.777693,0.420915,33.769649,0.257845340,0.258118844,21.629503,0.131774
3.166768,0.789740,0.428409,33.739475,0.798331,0.434697,33.697177,0.259193834,0.259475630,21.629503,0.131774
3.216768,0.812256,0.443432,33.661700,0.818642,0.448224,33.630999,0.260705078,0.260996189,21.629503,0.131774
3.266768,0.834687,0.458356,33.624525,0.840190,0.462547,33.595649,0.262211229,0.262511665,21.629503,0.131774
3.316768,0.857078,0.473236,33.606058,0.860835,0.476260,33.598510,0.263715034,0.264024797,21.629503,0.131774
3.366768,0.879499,0.488136,33.611771,0.881135,0.489749,33.606564,0.265222417,0.265541516,21.629503,0.131774
3.416768,0.901934,0.503047,33.628874,0.902321,0.503831,33.624121,0.266731486,0.267059926,21.629503,0.131774
3.466768,0.919285,0.514593,33.655830,0.923110,0.517667,33.669940,0.267897211,0.268232870,21.629503,0.131774
3.516768,0.934265,0.524570,33.687380,0.943414,0.531203,33.716425,0.268902810,0.269244700,21.629503,0.131774
3.566768,0.953998,0.537752,33.747529,0.964861,0.545534,33.789696,0.270228036,0.270578098,21.629503,0.131774
3.616768,0.975936,0.552420,33.820938,0.985408,0.559301,33.861824,0.271701468,0.272060603,21.629503,0.131774
3.666768,0.998438,0.567529,33.909458,1.004411,0.572072,33.944870,0.273214913,0.273583287,21.629503,0.131774
3.716768,1.021261,0.582889,34.006590,1.024228,0.585431,34.029840,0.274751163,0.275128872,21.629503,0.131774
3.766768,1.043836,0.598159,34.108976,1.046561,0.600539,34.134748,0.276273105,0.276659962,21.629503,0.131774
3.816768,1.066291,0.613385,34.213902,1.066550,0.614114,34.229527,0.277788136,0.278184050,21.629503,0.131774
3.866768,1.083511,0.625106,34.293219,1.087495,0.628387,34.319318,0.278951352,0.279354164,21.629503,0.131774
3.916768,1.098314,0.635209,34.360709,1.107766,0.642249,34.420724,0.279952084,0.280360795,21.629503,0.131774
3.966768,1.118131,0.648806,34.465753,1.127302,0.655662,34.530536,0.281294698,0.281711219,21.629503,0.131774
4.016768,1.140359,0.664083,34.588856,1.148191,0.670065,34.646939,0.282801722,0.283226971,21.629503,0.131774
4.066768,1.162605,0.679472,34.718117,1.168685,0.684257,34.762034,0.284313761,0.284747633,21.629503,0.131774
4.116768,1.184861,0.694914,34.850352,1.188933,0.698341,34.889021,0.285828224,0.286270666,21.629503,0.131774
4.166768,1.207007,0.710390,34.983154,1.209688,0.712848,35.029018,0.287337832,0.287788678,21.629503,0.131774
4.216768,1.229103,0.725881,35.116221,1.229257,0.726598,35.146905,0.288845188,0.289304360,21.629503,0.131774
4.266768,1.246142,0.737871,35.187686,1.250505,0.741576,35.213020,0.290008951,0.290474492,21.629503,0.131774
4.316768,1.260825,0.748231,35.230450,1.269083,0.754698,35.259623,0.291012633,0.291483630,21.629503,0.131774
4.366768,1.280543,0.762169,35.254737,1.290425,0.769792,35.275206,0.292361336,0.292839623,21.629503,0.131774
4.416768,1.302644,0.777799,35.270280,1.311720,0.784857,35.277080,0.293873285,0.294359730,21.629503,0.131774
4.466768,1.324652,0.793369,35.279878,1.331933,0.799158,35.285685,0.295380146,0.295874695,21.629503,0.131774
4.516768,1.346617,0.808912,35.286727,1.348662,0.810998,35.289139,0.296884656,0.297387283,21.629503,0.131774
4.566768,1.363433,0.820813,35.289866,1.366117,0.823352,35.291322,0.298036186,0.298544992,21.629503,0.131774
4.616768,1.377816,0.830994,35.291253,1.384864,0.836621,35.289113,0.299020989,0.299535079,21.629503,0.131774
4.666768,1.397401,0.844846,35.272033,1.405168,0.850985,35.261546,0.300361146,0.300882437,21.629503,0.131774
4.716768,1.419945,0.860788,35.241089,1.424881,0.864915,35.230674,0.301903474,0.302433060,21.629503,0.131774
4.766768,1.442164,0.876471,35.209564,1.444272,0.878601,35.194177,0.303422584,0.303960372,21.629503,0.131774
4.816768,1.464231,0.892034,35.177767,1.464418,0.892801,35.167819,0.304930856,0.305476804,21.629503,0.131774
4.866768,1.481205,0.903998,35.168796,1.485157,0.907413,35.166937,0.306090924,0.306643154,21.629503,0.131774
4.916768,1.495804,0.914284,35.170466,1.505583,0.921806,35.178811,0.307088663,0.307646300,21.629503,0.131774
4.966768,1.515474,0.928160,35.205810,1.525605,0.935928,35.223345,0.308435042,0.308999939,21.629503,0.131774
5.016768,1.537679,0.943830,35.257985,1.546356,0.950596,35.288671,0.309955683,0.310528767,21.629503,0.131774
5.066768,1.559686,0.959420,35.336734,1.567006,0.965233,35.377199,0.311463627,0.312044764,21.629503,0.131774
5.116768,1.581601,0.974972,35.427801,1.587036,0.979477,35.462884,0.312965687,0.313554814,21.629503,0.131774
5.166768,1.603578,0.990644,35.517387,1.607738,0.994248,35.556887,0.314473857,0.315070918,21.629503,0.131774
5.216768,1.625584,1.006373,35.606261,1.626832,1.007915,35.628862,0.315984967,0.316589932,21.629503,0.131774
5.266768,1.647434,1.022036,35.652956,1.648144,1.023203,35.675023,0.317487135,0.318099894,21.629503,0.131774
5.316768,1.669211,1.037669,35.679717,1.668485,1.037812,35.691580,0.318985079,0.319605576,21.629503,0.131774
5.366768,1.686288,1.049931,35.686407,1.688515,1.052199,35.685112,0.320160959,0.320787514,21.629503,0.131774
5.416768,1.701000,1.060497,35.683002,1.708688,1.066685,35.680825,0.321174831,0.321806598,21.629503,0.131774
5.466768,1.720633,1.074590,35.669050,1.728854,1.081163,35.666535,0.322526053,0.323164784,21.629503,0.131774
5.516768,1.742561,1.090329,35.650177,1.749493,1.095969,35.641925,0.324034671,0.324681183,21.629503,0.131774
5.566768,1.764451,1.106031,35.658366,1.770032,1.110693,35.635516,0.325540091,0.326194379,21.629503,0.131774
5.616768,1.786323,1.121716,35.679153,1.790386,1.125294,35.685095,0.327044023,0.327706084,21.629503,0.131774
5.666768,1.808249,1.137482,35.731485,1.810332,1.139635,35.748877,0.328552774,0.329222581,21.629503,0.131774
5.716768,1.830201,1.153287,35.798895,1.830803,1.154388,35.810635,0.330063827,0.330741367,21.629503,0.131774
5.766768,1.847134,1.165507,35.850277,1.850894,1.168898,35.867201,0.331230371,0.331913844,21.629503,0.131774
5.816768,1.861708,1.176042,35.894127,1.870145,1.182831,35.931187,0.332235003,0.332923563,21.629503,0.131774
5.866768,1.881247,1.190214,35.961880,1.890988,1.197956,36.005218,0.333583475,0.334278799,21.629503,0.131774
5.916768,1.903139,1.206111,36.040961,1.911421,1.212824,36.083132,0.335094909,0.335797792,21.629503,0.131774
5.966768,1.924985,1.222045,36.140044,1.931921,1.227787,36.178631,0.336605582,0.337315924,21.629503,0.131774
6.016768,1.946810,1.237998,36.248432,1.951486,1.242123,36.286514,0.338115900,0.338833654,21.629503,0.131774
6.066768,1.968474,1.253922,36.353479,1.972281,1.257419,36.388508,0.339618391,0.340343399,21.629503,0.131774
6.116768,1.990063,1.269832,36.456991,1.992429,1.272291,36.482315,0.341117282,0.341849473,21.629503,0.131774
6.166768,2.006733,1.282160,36.533434,2.012435,1.287109,36.576637,0.342275911,0.343013595,21.629503,0.131774
6.216768,2.021002,1.292739,36.596671,2.031398,1.301199,36.649298,0.343268545,0.344010898,21.629503,0.131774
6.266768,2.040278,1.307084,36.663069,2.052267,1.316744,36.713597,0.344612599,0.345361192,21.629503,0.131774
6.316768,2.062301,1.323494,36.731202,2.072200,1.331623,36.764836,0.346149460,0.346905155,21.629503,0.131774
6.366768,2.084003,1.339699,36.766775,2.092503,1.346798,36.784868,0.347665403,0.348428046,21.629503,0.131774
6.416768,2.105555,1.355810,36.787199,2.111400,1.360930,36.795530,0.349171613,0.349941133,21.629503,0.131774
6.466768,2.127137,1.371951,36.792993,2.132441,1.376671,36.802654,0.350678533,0.351454929,21.629503,0.131774
6.516768,2.148733,1.388106,36.791877,2.151539,1.390957,36.792544,0.352185789,0.352969060,21.629503,0.131774
6.566768,2.170401,1.404308,36.784952,2.172402,1.406557,36.783418,0.353697743,0.354487916,21.629503,0.131774
6.616768,2.192105,1.420534,36.775260,2.192184,1.421344,36.772787,0.355211935,0.356009022,21.629503,0.131774
6.666768,2.208750,1.432975,36.769439,2.212575,1.436583,36.770374,0.356373144,0.357175535,21.629503,0.131774
6.716768,2.223065,1.443672,36.765401,2.232258,1.451289,36.758248,0.357371678,0.358178632,21.629503,0.131774
6.766768,2.242384,1.458098,36.751021,2.252348,1.466290,36.738390,0.358718932,0.359532053,21.629503,0.131774
6.816768,2.264167,1.474361,36.731545,2.271555,1.480622,36.722211,0.360237964,0.361058042,21.629503,0.131774
6.866768,2.285469,1.490247,36.705734,2.292701,1.496390,36.696040,0.361723151,0.362550049,21.629503,0.131774
6.916768,2.306547,1.505959,36.676992,2.312886,1.511425,36.663818,0.363192672,0.364026328,21.629503,0.131774
6.966768,2.328351,1.522162,36.583919,2.332641,1.526115,36.584722,0.364711890,0.365552586,21.629503,0.131774
7.016768,2.350581,1.538654,36.453113,2.351284,1.539923,36.449705,0.366260255,0.367108158,21.629503,0.131774
7.066768,2.372483,1.554755,36.257296,2.372922,1.555844,36.231299,0.367780557,0.368635727,21.629503,0.131774
7.116768,2.394231,1.570674,36.031115,2.392989,1.570495,36.022692,0.369287752,0.370150218,21.629503,0.131774
7.166768,2.411041,1.582868,35.839691,2.413247,1.585164,35.782255,0.370448447,0.371316674,21.629503,0.131774
7.216768,2.425526,1.593309,35.664625,2.432763,1.599173,35.540172,0.371446044,0.372319311,21.629503,0.131774
7.266768,2.445017,1.607192,35.448500,2.453551,1.613951,35.284263,0.372783466,0.373663708,21.629503,0.131774
7.316768,2.467041,1.622816,35.211595,2.474330,1.628608,35.107386,0.374292857,0.375181051,21.629503,0.131774
7.366768,2.489270,1.638443,35.043608,2.494654,1.642858,34.963198,0.375811101,0.376707494,21.629503,0.131774
7.416768,2.511601,1.654070,34.910242,2.514922,1.657007,34.868317,0.377333795,0.378238507,21.629503,0.131774
7.466768,2.533816,1.669531,34.809482,2.535553,1.671357,34.771467,0.378845883,0.379758980,21.629503,0.131774
7.516768,2.555976,1.684916,34.723725,2.556193,1.685668,34.703020,0.380353092,0.381274604,21.629503,0.131774
7.566768,2.573063,1.696751,34.675262,2.576728,1.699876,34.652558,0.381514657,0.382442695,21.629503,0.131774
7.616768,2.587806,1.706944,34.644035,2.597273,1.714068,34.627906,0.382516492,0.383450184,21.629503,0.131774
7.666768,2.607525,1.720576,34.662965,2.617766,1.728227,34.664506,0.383855622,0.384796893,21.629503,0.131774
7.716768,2.629617,1.735849,34.705812,2.637842,1.742126,34.731670,0.385355589,0.386305356,21.629503,0.131774
7.766768,2.651857,1.751286,34.794751,2.659081,1.756876,34.837130,0.386867567,0.387825828,21.629503,0.131774
7.816768,2.674171,1.766805,34.906746,2.677991,1.770060,34.940576,0.388385554,0.389352307,21.629503,0.131774
7.866768,2.696270,1.782278,35.040377,2.699954,1.785441,35.078161,0.389892291,0.390867352,21.629503,0.131774
7.916768,2.718268,1.797728,35.184198,2.720173,1.799675,35.215129,0.391393730,0.392377011,21.629503,0.131774
7.966768,2.740339,1.813344,35.342097,2.740635,1.814152,35.351791,0.392903887,0.393895286,21.629503,0.131774
8.016768,2.762444,1.829042,35.506898,2.759683,1.827699,35.501240,0.394418317,0.395417784,21.629503,0.131774
8.066768,2.779354,1.841128,35.645412,2.781322,1.843185,35.684811,0.395579612,0.396585163,21.629503,0.131774
8.116768,2.793812,1.851510,35.771521,2.801456,1.857690,35.868966,0.396574246,0.397584945,21.629503,0.131774
8.166768,2.813314,1.865647,35.962520,2.821880,1.872512,36.079364,0.397920099,0.398937587,21.629503,0.131774
8.216768,2.835442,1.881740,36.187316,2.841898,1.887151,36.285219,0.399448871,0.400474002,21.629503,0.131774
8.266768,2.857061,1.897634,36.382987,2.861617,1.901677,36.481180,0.400948109,0.401980511,21.629503,0.131774
8.316768,2.878445,1.913437,36.565218,2.881576,1.916479,36.624707,0.402433715,0.403473217,21.629503,0.131774
8.366768,2.900228,1.929633,36.670258,2.902329,1.931935,36.729440,0.403950429,0.404997038,21.629503,0.131774
8.416768,2.922223,1.946040,36.734344,2.922397,1.946921,36.758926,0.405483649,0.406537369,21.629503,0.131774
8.466768,2.938981,1.958546,36.739565,2.941873,1.961466,36.746242,0.406652030,0.407711152,21.629503,0.131774
8.516768,2.953335,1.969262,36.717767,2.961746,1.976290,36.687360,0.407652949,0.408716689,21.629503,0.131774
8.566768,2.972700,1.983667,36.635219,2.982348,1.991613,36.583318,0.409001522,0.410071538,21.629503,0.131774
8.616768,2.994470,1.999843,36.523512,3.002518,2.006553,36.462198,0.410516961,0.411594047,21.629503,0.131774
8.666768,3.015641,2.015468,36.380365,3.022117,2.021002,36.318137,0.411987757,0.413071829,21.629503,0.131774
8.716768,3.036538,2.030840,36.222737,3.041780,2.035414,36.157495,0.413437993,0.414529013,21.629503,0.131774
8.766768,3.058534,2.046887,36.040635,3.062962,2.050844,35.976985,0.414961196,0.416059669,21.629503,0.131774
8.816768,3.081251,2.063375,35.842504,3.083187,2.065480,35.796995,0.416532181,0.417638436,21.629503,0.131774
8.866768,3.103398,2.079299,35.650525,3.103201,2.079868,35.619145,0.418057246,0.419171268,21.629503,0.131774
8.916768,3.125281,2.094962,35.461387,3.122522,2.093670,35.451980,0.419561096,0.420682877,21.629503,0.131774
8.966768,3.142323,2.107076,35.314151,3.143636,2.108656,35.275622,0.420729238,0.421857158,21.629503,0.131774
9.016768,3.157068,2.117506,35.186800,3.163660,2.122777,35.097791,0.421738056,0.422871344,21.629503,0.131774
9.066768,3.176765,2.131336,35.076021,3.184765,2.137570,34.972641,0.423082307,0.424222893,21.629503,0.131774
9.116768,3.198740,2.146729,34.972866,3.205107,2.151788,34.930429,0.424580893,0.425729666,21.629503,0.131774
9.166768,3.220887,2.162224,34.973798,3.225857,2.166284,34.956861,0.426090602,0.427247657,21.629503,0.131774
9.216768,3.243117,2.177769,35.025471,3.245707,2.180179,35.034453,0.427605733,0.428771116,21.629503,0.131774
9.266768,3.265068,2.193189,35.122930,3.266323,2.194655,35.128721,0.429104060,0.430277601,21.629503,0.131774
9.316768,3.286887,2.208551,35.241768,3.286502,2.208883,35.252033,0.430594540,0.431776161,21.629503,0.131774
9.366768,3.304122,2.220743,35.345972,3.306682,2.223178,35.379217,0.431773754,0.432961696,21.629503,0.131774
9.416768,3.318976,2.231287,35.442572,3.327329,2.237877,35.520228,0.432791255,0.433984607,21.629503,0.131774
9.466768,3.338625,2.245336,35.584822,3.348264,2.252859,35.669500,0.434140684,0.435341084,21.629503,0.131774
9.516768,3.360513,2.261020,35.748374,3.368228,2.267228,35.832514,0.435645004,0.436853216,21.629503,0.131774
9.566768,3.382166,2.276668,35.912701,3.388670,2.282031,35.989822,0.437137437,0.438353230,21.629503,0.131774
9.616768,3.403706,2.292297,36.077399,3.408306,2.296330,36.140205,0.438624190,0.439847452,21.629503,0.131774
9.666768,3.425623,2.308330,36.250578,3.429155,2.311597,36.298548,0.440141465,0.441372177,21.629503,0.131774
9.716768,3.447745,2.324583,36.428374,3.448405,2.325776,36.460452,0.441675352,0.442913504,21.629503,0.131774
9.766768,3.469520,2.340718,36.598741,3.469048,2.341074,36.628510,0.443189715,0.444435026,21.629503,0.131774
9.816768,3.491132,2.356798,36.765625,3.488330,2.355446,36.774254,0.444694919,0.445947258,21.629503,0.131774
9.866768,3.507898,2.369345,36.886225,3.509147,2.371046,36.922852,0.445865065,0.447122772,21.629503,0.131774
9.916768,3.522344,2.380199,36.984656,3.529220,2.386164,37.054346,0.446874722,0.448137001,21.629503,0.131774
9.966768,3.541572,2.394735,37.099834,3.548984,2.401118,37.171647,0.448221704,0.449489957,21.629503,0.131774
10.016768,3.563012,2.410974,37.222758,3.568321,2.415807,37.274706,0.449724717,0.450999592,21.629503,0.131774
10.066768,3.584504,2.427338,37.320799,3.589115,2.431658,37.361640,0.451235120,0.452516524,21.629503,0.131774
10.116768,3.606022,2.443762,37.406914,3.608019,2.446108,37.432196,0.452749065,0.454036952,21.629503,0.131774
10.166768,3.627470,2.460195,37.478921,3.627837,2.461298,37.505741,0.454259617,0.455553886,21.629503,0.131774
10.216768,3.648884,2.476631,37.544369,3.648201,2.476942,37.558957,0.455768592,0.457069195,21.629503,0.131774
10.266768,3.665399,2.489331,37.584930,3.668206,2.492337,37.601748,0.456933397,0.458238850,21.629503,0.131774
10.316768,3.679635,2.500293,37.613923,3.687965,2.507564,37.632122,0.457938212,0.459247826,21.629503,0.131774
10.366768,3.698736,2.515015,37.628339,3.707418,2.522563,37.635682,0.459287345,0.460602514,21.629503,0.131774
10.416768,3.720122,2.531505,37.635906,3.726526,2.537297,37.640523,0.460798294,0.462119673,21.629503,0.131774
10.466768,3.741503,2.548005,37.671116,3.747416,2.553414,37.670947,0.462308761,0.463636325,21.629503,0.131774
10.516768,3.762881,2.564510,37.719165,3.766529,2.568187,37.737618,0.463819004,0.465152742,21.629503,0.131774
10.566768,3.784166,2.581003,37.793533,3.786942,2.584005,37.812364,0.465324391,0.466664206,21.629503,0.131774
10.616768,3.805408,2.597489,37.880035,3.806204,2.598974,37.897698,0.466827539,0.468173387,21.629503,0.131774
10.666768,3.826701,2.614088,37.966619,3.826354,2.614684,37.987737,0.468336679,0.469688486,21.629503,0.131774
10.716768,3.848018,2.630741,38.053241,3.846121,2.630142,38.064362,0.469848684,0.471206415,21.629503,0.131774
10.766768,3.864488,2.643644,38.114496,3.865386,2.645246,38.133357,0.471018208,0.472380473,21.629503,0.131774
10.816768,3.878679,2.654784,38.163825,3.885457,2.661021,38.202257,0.472026708,0.473392852,21.629503,0.131774
10.866768,3.897639,2.669717,38.227415,3.904598,2.676103,38.269264,0.473375772,0.474747037,21.629503,0.131774
10.916768,3.918793,2.686394,38.297569,3.924576,2.691879,38.327911,0.474881573,0.476258530,21.629503,0.131774
10.966768,3.939982,2.703144,38.341538,3.944240,2.707436,38.366006,0.476391528,0.477774130,21.629503,0.131774
11.016768,3.961187,2.719927,38.373194,3.963708,2.722853,38.383916,0.477903437,0.479291661,21.629503,0.131774
11.066768,3.982360,2.736698,38.387076,3.983179,2.738279,38.395646,0.479413472,0.480807287,21.629503,0.131774
11.116768,4.003519,2.753465,38.392730,4.002638,2.753701,38.396988,0.480922639,0.482322031,21.629503,0.131774
11.166768,4.019725,2.766305,38.383457,4.022469,2.769415,38.384802,0.482079269,0.483482931,21.629503,0.131774
11.216768,4.033637,2.777325,38.367266,4.042085,2.784944,38.341132,0.483072521,0.484479846,21.629503,0.131774
11.266768,4.052493,2.792224,38.310516,4.061386,2.800191,38.268670,0.484418111,0.485830436,21.629503,0.131774
11.316768,4.073928,2.809147,38.232610,4.080634,2.815355,38.193732,0.485947486,0.487365511,21.629503,0.131774
11.366768,4.044701,2.807978,38.119857,4.100298,2.830798,38.080653,0.352283820,0.384335439,21.254194,0.131774
11.416768,3.992009,2.798429,37.990963,4.120269,2.846411,37.947139,0.156003972,0.232874839,20.705056,0.131774
11.466768,3.989889,2.806672,37.831282,4.140311,2.862000,37.794202,0.094800354,0.184750449,20.743071,0.130788
11.516768,4.011158,2.823143,37.657362,4.159564,2.876890,37.625945,0.096068677,0.184418434,21.052642,0.129340
11.566768,4.032533,2.839540,37.467156,4.179626,2.892306,37.449230,0.097427150,0.184781876,21.244414,0.129427
11.616768,4.053959,2.855901,37.269170,4.199808,2.907712,37.255734,0.098828679,0.185477466,21.379927,0.130252
11.666768,4.070645,2.868561,37.110183,4.219704,2.922792,37.056713,0.099941030,0.186203108,21.453963,0.130704
11.716768,4.085042,2.879434,36.970031,4.239581,2.937753,36.866935,0.100913701,0.186943266,21.498304,0.130975
11.766768,4.104302,2.893839,36.789813,4.259393,2.952561,36.677590,0.102227632,0.188063880,21.535128,0.131199
11.816768,4.125864,2.909915,36.590642,4.278501,2.966749,36.507976,0.103702970,0.189364438,21.568396,0.131402
11.866768,4.147643,2.926004,36.401376,4.299356,2.982133,36.316076,0.105198592,0.190752539,21.589016,0.131528
11.916768,4.169529,2.942100,36.216960,4.319987,2.997254,36.157294,0.106704146,0.192183508,21.603442,0.131616
11.966768,4.191373,2.958031,36.050937,4.339998,3.011839,36.005467,0.108207883,0.193643599,21.612204,0.131669
12.016768,4.213196,2.973885,35.893406,4.359973,3.026319,35.867020,0.109710780,0.195117136,21.618351,0.131706
12.066768,4.230020,2.986041,35.778133,4.380586,3.041186,35.729123,0.110869216,0.196261118,21.621646,0.131727
12.116768,4.244543,2.996494,35.682318,4.400369,3.055384,35.601298,0.111869046,0.197253359,21.623628,0.131739
12.166768,4.264141,3.010511,35.562528,4.421048,3.070157,35.477148,0.113214235,0.198594368,21.625283,0.131749
12.216768,4.286154,3.026222,35.431330,4.440559,3.084036,35.365824,0.114723752,0.200101326,21.626783,0.131758
12.266768,4.308024,3.041742,35.324368,4.461116,3.098599,35.269325,0.116226534,0.201605279,21.627695,0.131763
12.316768,4.329828,3.057172,35.228721,4.481901,3.113279,35.189945,0.117726173,0.203107829,21.628333,0.131767
12.366768,4.351683,3.072578,35.158807,4.500979,3.126717,35.130300,0.119237588,0.204623884,21.628728,0.131770
12.416768,4.373562,3.087973,35.101467,4.521024,3.140810,35.087602,0.120754758,0.206146537,21.629004,0.131771
12.466768,4.390316,3.102296,35.076195,4.540718,3.154635,35.049890,0.099551127,0.173622624,21.145350,0.131772
12.516768,4.404710,3.116126,35.065690,4.560651,3.168612,35.031890,0.067884619,0.125420345,20.438845,0.131773
12.566768,4.423601,3.130683,35.094765,4.580232,3.182347,35.079687,0.058326771,0.109808568,20.473472,0.130515
12.616768,4.444728,3.145602,35.143515,4.599065,3.195591,35.154741,0.059759364,0.110397862,20.876521,0.128613
12.666768,4.465359,3.160232,35.278572,4.618209,3.209106,35.308998,0.061223572,0.111337726,21.127688,0.128715
12.716768,4.485750,3.174722,35.455473,4.636680,3.222234,35.506097,0.062703107,0.112447555,21.305219,0.129797
12.766768,4.505312,3.188762,35.683636,4.655063,3.235397,35.727526,0.064175932,0.113697778,21.412871,0.130453
12.816768,4.524492,3.202594,35.935467,4.672612,3.248070,35.974762,0.065645658,0.115012814,21.488263,0.130912
12.866768,4.543468,3.216455,36.214476,4.690125,3.260843,36.243601,0.067147901,0.116418486,21.536100,0.131205
12.916768,4.562335,3.230330,36.507773,4.707542,3.273668,36.513810,0.068667232,0.117871792,21.569455,0.131408
12.966768,4.576539,3.240882,36.733853,4.724418,3.286222,36.792604,0.069834709,0.119004719,21.587349,0.131518
13.016768,4.588568,3.249885,36.928608,4.740728,3.298474,37.053254,0.070838195,0.119988327,21.598037,0.131583
13.066768,4.604061,3.261629,37.187144,4.756469,3.310409,37.314414,0.072179259,0.121314216,21.606873,0.131637
13.116768,4.621140,3.274629,37.474893,4.772293,3.322527,37.586874,0.073674917,0.122796854,21.614862,0.131685
13.166768,4.637869,3.287501,37.637535,4.787881,3.334565,37.748737,0.075181639,0.124296735,21.619794,0.131715
13.216768,4.654431,3.300312,37.739946,4.802935,3.346227,37.764749,0.076693688,0.125804918,21.623253,0.131736
13.266768,4.682582,3.316557,37.715889,4.817591,3.357577,37.741665,0.066063014,0.108064800,21.116960,0.131749
13.316768,4.716065,3.334381,37.633662,4.832559,3.369141,37.608862,0.049847212,0.081471297,20.376203,0.131758
13.366768,4.736596,3.346963,37.502981,4.846283,3.379678,37.414399,0.040409215,0.066275418,20.108114,0.129995
13.416768,4.751179,3.357136,37.350049,4.861494,3.391264,37.134794,0.034083660,0.056313456,20.057078,0.127411
13.466768,4.769660,3.369167,37.032507,4.875282,3.401646,36.775309,0.029971631,0.049402337,20.082985,0.126889
13.516768,4.790054,3.382109,36.634138,4.888911,3.411762,36.378853,0.026946382,0.043989101,20.146670,0.127385
13.566768,4.806167,3.393251,36.174877,4.902079,3.421394,35.948306,0.026987073,0.042817108,20.445147,0.127660
13.616768,4.820295,3.403560,35.687385,4.913771,3.429821,35.526183,0.028448328,0.043610241,20.852413,0.127829
13.666768,4.837218,3.414683,35.145730,4.926217,3.438639,35.037444,0.027381663,0.041230252,20.715439,0.128620
13.716768,4.855590,3.426228,34.575950,4.939634,3.447963,34.460034,0.025003759,0.037204358,20.296165,0.129735
13.766768,4.867687,3.434129,34.112327,4.947782,3.453520,34.101691,0.024910467,0.036371499,20.372016,0.128921
13.816768,4.876796,3.440295,33.699228,4.962466,3.463350,33.427028,0.025904999,0.037059012,20.683623,0.127181
13.866768,4.890151,3.448292,33.117607,4.974792,3.471404,32.806673,0.025418226,0.035770095,20.808021,0.126769
13.916768,4.905506,3.457153,32.456479,4.986271,3.478742,32.179186,0.024232961,0.033549215,20.844143,0.126989
13.966768,4.919302,3.465359,31.725793,4.997860,3.485955,31.499360,0.023283422,0.031694198,20.858535,0.127077
14.016768,4.932152,3.473168,30.952830,5.008727,3.492546,30.784235,0.022476871,0.030061109,20.859746,0.127085
14.066768,4.941103,3.478472,30.342128,5.018809,3.498489,30.048176,0.022897614,0.030129267,20.971741,0.127754
14.116768,4.948232,3.482604,29.807150,5.028335,3.503933,29.286002,0.023891506,0.030991911,21.135472,0.128735
14.166768,4.956999,3.487482,29.045150,5.036795,3.508621,28.515704,0.025229089,0.032220518,21.273733,0.129588
14.216768,4.966564,3.492724,28.172259,5.045594,3.513331,27.661892,0.026734420,0.033627743,21.399562,0.130368
14.266768,4.975447,3.497355,27.273956,5.053353,3.517341,26.847847,0.028238418,0.035072715,21.476721,0.130843
14.316768,4.984007,3.501698,26.363540,5.061049,3.521175,25.996985,0.029741788,0.036535474,21.530946,0.131173
14.366768,4.991848,3.505483,25.439320,5.068218,3.524615,25.164505,0.031235294,0.038005197,21.563867,0.131374
14.416768,4.999358,3.509011,24.508566,5.075130,3.527800,24.267203,0.032724242,0.039478137,21.586946,0.131514
14.466768,5.007615,3.512763,23.569469,5.081553,3.530634,23.365574,0.031448995,0.037420014,21.348845,0.130076
14.516768,5.016241,3.516627,22.626070,5.087452,3.533127,22.481213,0.028804406,0.033612655,20.981358,0.127832
14.566768,5.021613,3.518908,21.897064,5.092787,3.535282,21.612772,0.028592219,0.032979957,20.968745,0.127747
14.616768,5.025383,3.520409,21.273402,5.097876,3.537249,20.738083,0.029576382,0.033908681,21.130672,0.128734
14.666768,5.031049,3.521816,20.436500,5.102424,3.538931,19.877533,0.028674629,0.032627790,21.072792,0.128385
14.716768,5.037789,3.523168,19.478722,5.106692,3.540439,19.039905,0.026704932,0.030095654,20.890442,0.127274
14.766768,5.042589,3.524398,18.537432,5.110341,3.541668,18.182820,0.027030473,0.030169255,20.979133,0.127808
14.816768,5.046394,3.525567,17.604435,5.113635,3.542723,17.357349,0.028534174,0.031580398,21.206953,0.129195
14.866768,5.049588,3.526478,16.686211,5.116648,3.543641,16.518567,0.030039030,0.033028457,21.349020,0.130063
14.916768,5.052476,3.527259,15.775236,5.119109,3.544351,15.686786,0.031544465,0.034495023,21.448098,0.130668
14.966768,5.054317,3.527727,15.074245,5.121092,3.544891,14.876136,0.032713198,0.035642996,21.502203,0.130998
15.016768,5.055650,3.528043,14.475004,5.122571,3.545273,14.064861,0.033718635,0.036636455,21.534496,0.131195
15.066768,5.056264,3.528172,13.947359,5.122651,3.545291,13.485455,0.035058309,0.037967152,21.561199,0.131358
15.116768,5.056547,3.528216,13.452719,5.122651,3.545291,13.351392,0.036552216,0.039453466,21.585323,0.131505
15.166768,5.056639,3.528225,13.299191,5.122651,3.545291,13.351283,0.038037593,0.040934298,21.600074,0.131595
15.216768,5.056639,3.528217,13.309067,5.122651,3.545291,13.351283,0.039518883,0.042412502,21.610336,0.131658
15.266768,5.056639,3.528212,13.316909,5.122651,3.545291,13.351283,0.041020256,0.043911919,21.616841,0.131697
15.316768,5.056639,3.528208,13.323658,5.122651,3.545291,13.351283,0.042532403,0.045422716,21.621331,0.131725
15.366768,5.056639,3.528206,13.328850,5.122651,3.545291,13.351283,0.044043412,0.046932890,21.624108,0.131742
15.416768,5.056639,3.528204,13.333264,5.122651,3.545291,13.351283,0.045553853,0.048442754,21.626029,0.131753
15.466768,5.056639,3.528203,13.336066,5.122651,3.545291,13.351283,0.046717573,0.049606162,21.627064,0.131760
15.516768,5.056639,3.528203,13.338113,5.122651,3.545291,13.351283,0.047718676,0.050607080,21.627682,0.131763
15.566768,5.056639,3.528203,13.340231,5.122651,3.545291,13.351283,0.049055068,0.051943317,21.628193,0.131766
15.616768,5.056639,3.528202,13.342383,5.122651,3.545291,13.351283,0.050547122,0.053435233,21.628655,0.131769
15.666768,5.056639,3.528202,13.344031,5.122651,3.545291,13.351283,0.052034613,0.054922638,21.628939,0.131771
15.716768,5.056639,3.528202,13.345432,5.122651,3.545291,13.351283,0.053519880,0.056407846,21.629136,0.131772
15.766768,5.056639,3.528202,13.346534,5.122651,3.545291,13.351283,0.055030929,0.057918858,21.629261,0.131773
15.816768,5.056639,3.528202,13.347476,5.122651,3.545291,13.351283,0.056555713,0.059443615,21.629348,0.131774
15.866768,5.056639,3.528202,13.348067,5.122651,3.545291,13.351283,0.057716819,0.060604707,21.629394,0.131774
15.916768,5.056639,3.528202,13.348497,5.122549,3.545266,13.360256,0.058710649,0.061598530,21.629422,0.131774
15.966768,5.057041,3.529436,13.441690,5.121107,3.544923,13.488375,0.052441532,0.054819689,21.324847,0.129924
16.016768,5.057637,3.531272,13.580051,5.119371,3.544504,13.647588,0.042636062,0.044256314,20.871962,0.127165
16.066768,5.056679,3.532188,13.789306,5.116956,3.543914,13.863412,0.036721765,0.038204738,20.773922,0.126561
16.116768,5.054996,3.532674,14.031669,5.114185,3.543225,14.100277,0.032624531,0.034260040,20.841585,0.126973
16.166768,5.051682,3.532130,14.339214,5.110595,3.542315,14.399597,0.032345851,0.033928998,21.010982,0.128004
16.216768,5.047613,3.531107,14.677017,5.106501,3.541252,14.752092,0.033839397,0.035275088,21.227595,0.129323
16.266768,5.041137,3.530333,15.097557,5.102064,3.540070,15.149096,0.032376343,0.033841111,21.189639,0.129097
16.316768,5.033502,3.529679,15.558010,5.097552,3.538834,15.561872,0.029487515,0.031066490,21.028920,0.128117
16.366768,5.028684,3.528802,15.949480,5.092545,3.537419,16.067196,0.029236890,0.030799151,21.072167,0.128377
16.416768,5.025205,3.527817,16.308170,5.087749,3.536016,16.604183,0.030240442,0.031723750,21.212378,0.129232
16.466768,5.020532,3.526435,16.864441,5.082978,3.534570,17.194766,0.031583906,0.033002093,21.329303,0.129944
16.516768,5.015309,3.524870,17.511609,5.078514,3.533168,17.795290,0.033083688,0.034443115,21.435520,0.130592
16.566768,5.009764,3.523125,18.234356,5.073682,3.531593,18.500804,0.031557791,0.033045444,21.210414,0.129225
16.616768,5.004069,3.521297,18.991983,5.069164,3.530055,19.245276,0.028638434,0.030340429,20.832718,0.126924
16.666768,4.998588,3.519998,19.846543,5.064815,3.528509,20.003867,0.026670142,0.028592062,20.730404,0.126297
16.716768,4.993210,3.518954,20.748175,5.060645,3.526959,20.839198,0.025162538,0.027307086,20.761482,0.126486
16.766768,4.989664,3.517963,21.468830,5.056732,3.525435,21.699267,0.025366715,0.027524595,20.895863,0.127303
16.816768,4.986962,3.516996,22.106236,5.053321,3.524053,22.583142,0.026359161,0.028433992,21.077813,0.128411
16.866768,4.983227,3.515684,23.021409,5.050252,3.522744,23.576962,0.025676986,0.027842018,20.970160,0.127761
16.916768,4.978981,3.514201,24.073744,5.047579,3.521554,24.542790,0.024168789,0.026509477,20.719658,0.126234
16.966768,4.976097,3.513139,25.209216,5.045313,3.520490,25.654332,0.024711390,0.027031108,20.831049,0.126907
17.016768,4.973849,3.512274,26.383849,5.043462,3.519582,26.739204,0.026213284,0.028420055,21.111721,0.128617
17.066768,4.972290,3.511638,27.627160,5.042070,3.518859,27.899509,0.027714061,0.029850234,21.283974,0.129668
17.116768,4.971048,3.511108,28.902534,5.041165,3.518375,29.038350,0.029214324,0.031299445,21.406182,0.130413
17.166768,4.970609,3.511101,30.224122,5.040509,3.518007,30.254649,0.028395090,0.030544207,21.247542,0.129451
17.216768,4.970539,3.511335,31.567429,5.040808,3.518185,31.586568,0.026507988,0.028774068,20.959604,0.127697
17.266768,4.970621,3.511468,32.641629,5.041623,3.518662,32.879665,0.024788358,0.027211111,20.732738,0.126314
17.316768,4.970777,3.511553,33.586841,5.042652,3.519349,34.232736,0.023149194,0.025747701,20.535216,0.125110
17.366768,4.971878,3.512017,34.903017,5.043981,3.520272,35.592328,0.022081973,0.024793603,20.458560,0.124641
17.416768,4.973490,3.512687,36.420633,5.045328,3.521265,36.967992,0.021324600,0.024115426,20.447384,0.124574
17.466768,4.974948,3.513881,37.956957,5.046657,3.522295,38.387163,0.022071549,0.024798291,20.665525,0.125867
17.516768,4.976332,3.515325,39.502977,5.047944,3.523345,39.795367,0.023538278,0.026132379,20.993390,0.127887
17.566768,4.977902,3.516971,41.140620,5.049329,3.524534,41.342317,0.025048303,0.027554800,21.208926,0.129211
17.616768,4.979580,3.518735,42.832579,5.051004,3.526008,42.915131,0.026583554,0.029028685,21.359016,0.130125
17.666768,4.980929,3.520183,44.126633,5.052706,3.527618,44.417256,0.027755475,0.030167440,21.439747,0.130618
17.716768,4.982122,3.521481,45.232390,5.054241,3.529164,45.884849,0.028754964,0.031147145,21.487561,0.130909
17.766768,4.983704,3.523293,46.775018,5.055952,3.530959,47.562285,0.030082156,0.032457886,21.527182,0.131150
17.816768,4.985472,3.525348,48.526534,5.057702,3.532923,49.244735,0.031565483,0.033926350,21.562899,0.131367
17.866768,4.986897,3.527083,49.907614,5.058390,3.533729,49.899238,0.032718933,0.035071468,21.582738,0.131489
17.916768,4.988140,3.528648,51.094172,5.059297,3.534819,50.752242,0.033698509,0.036046153,21.594208,0.131559
17.966768,4.989434,3.530352,52.329611,5.061050,3.537026,52.387187,0.034713409,0.037057318,21.602880,0.131612
18.016768,4.990760,3.532145,53.596315,5.062823,3.539403,54.091673,0.035750604,0.038091508,21.609786,0.131654
18.066768,4.992435,3.534589,55.271085,5.064507,3.541789,55.788559,0.037105295,0.039443712,21.615397,0.131688
18.116768,4.994270,3.537335,57.134691,5.066237,3.544404,57.536221,0.038606247,0.040942414,21.620412,0.131719
18.166768,4.996113,3.540360,58.987693,5.067894,3.547057,59.204213,0.040101908,0.042436602,21.623454,0.131738
18.216768,4.997958,3.543513,60.837072,5.069728,3.550128,61.008790,0.041595144,0.043928720,21.625592,0.131751
18.266768,4.999765,3.546926,62.670510,5.071378,3.553142,62.701391,0.043097807,0.045430567,21.626909,0.131759
18.316768,5.001553,3.550462,64.497531,5.073039,3.556389,64.418242,0.044604984,0.046937073,21.627833,0.131764
18.366768,5.002905,3.553361,65.909538,5.074723,3.559820,66.126727,0.045764361,0.048095985,21.628328,0.131767
18.416768,5.004057,3.555967,67.131662,5.076340,3.563452,67.850564,0.046764017,0.049095272,21.628626,0.131769
18.466768,5.005583,3.559846,68.732875,5.078007,3.567462,69.571607,0.048093827,0.050424553,21.628871,0.131771
18.516768,5.007282,3.564312,70.510011,5.079504,3.571389,71.158993,0.049576154,0.051906279,21.629092,0.131772
18.566768,5.008886,3.569142,72.302942,5.081104,3.575972,72.905471,0.051079285,0.053408736,21.629231,0.131773
18.616768,5.010441,3.574162,74.105214,5.082518,3.580532,74.581541,0.052593162,0.054921902,21.629328,0.131773
18.666768,5.011894,3.579683,75.837619,5.083849,3.585475,76.191446,0.054100199,0.056428074,21.629387,0.131774
18.716768,5.013298,3.585444,77.537680,5.085149,3.590731,77.756030,0.055603969,0.057930904,21.629428,0.131774
18.766768,5.014279,3.590056,78.830421,5.086292,3.596047,79.277673,0.056765799,0.059091938,21.629451,0.131774
18.816768,5.015062,3.594128,79.932417,5.087385,3.601956,80.853304,0.057767028,0.060092436,21.629464,0.131774
18.866768,5.015974,3.600010,81.353334,5.088319,3.608029,82.313482,0.059111189,0.061435445,21.629475,0.131774
18.916768,5.016947,3.606740,82.923925,5.089112,3.614280,83.711668,0.060615720,0.062938628,21.629485,0.131774
18.966768,5.017725,3.614093,84.424075,5.089825,3.621299,85.117704,0.062114834,0.064436112,21.629491,0.131774
19.016768,5.018414,3.621731,85.892585,5.090368,3.628478,86.432454,0.063611464,0.065930982,21.629495,0.131774
19.066768,5.018862,3.629853,87.319201,5.090764,3.635998,87.773172,0.065114902,0.067432404,21.629498,0.131774
19.116768,5.019195,3.638205,88.726556,5.090986,3.643660,89.055187,0.066621565,0.068936929,21.629500,0.131774
19.166768,5.019253,3.646846,90.078368,5.091031,3.651304,90.277748,0.068123483,0.070436511,21.629501,0.131774
19.216768,5.019186,3.655621,91.405087,5.090908,3.659339,91.493465,0.069623214,0.071933819,21.629502,0.131774
19.266768,5.018971,3.662600,92.406377,5.090593,3.667899,92.725542,0.070781529,0.073090138,21.629502,0.131774
19.316768,5.018688,3.668737,93.255567,5.090090,3.676660,93.877262,0.071779990,0.074086806,21.629502,0.131774
19.366768,5.018049,3.677474,94.320381,5.089393,3.685673,94.958026,0.073120214,0.075424335,21.629503,0.131774
19.416768,5.017237,3.687466,95.489512,5.088549,3.694514,95.953416,0.074625419,0.076926410,21.629503,0.131774
19.466768,5.016111,3.697821,96.586816,5.087477,3.703989,96.963056,0.076131764,0.078429388,21.629503,0.131774
19.516768,5.014835,3.708348,97.650151,5.086218,3.713663,97.903826,0.077638654,0.079932797,21.629503,0.131774
19.566768,5.013274,3.719063,98.640916,5.084736,3.723740,98.846191,0.079131870,0.081422373,21.629503,0.131774
19.616768,5.011581,3.729864,99.597999,5.083137,3.733523,99.704911,0.080618700,0.082905489,21.629503,0.131774
19.666768,5.010095,3.738447,100.324302,5.081265,3.744004,100.583544,0.081789567,0.084073377,21.629503,0.131774
19.716768,5.008718,3.745881,100.931214,5.079270,3.754287,101.394714,0.082796824,0.085078036,21.629503,0.131774
19.766768,5.006652,3.755997,101.671635,5.077065,3.764886,102.131346,0.084142219,0.086419846,21.629503,0.131774
19.816768,5.004243,3.767447,102.478494,5.074766,3.775273,102.833040,0.085655684,0.087929236,21.629503,0.131774
19.866768,5.001554,3.779153,103.223292,5.072256,3.786005,103.509303,0.087165125,0.089434443,21.629503,0.131774
19.916768,4.998734,3.790980,103.938998,5.069512,3.797177,104.132146,0.088672675,0.090937683,21.629503,0.131774
19.966768,4.995640,3.803097,104.564839,5.066616,3.808435,104.723930,0.090174606,0.092435114,21.629503,0.131774
20.016768,4.992421,3.815348,105.149261,5.063568,3.819824,105.238666,0.091673943,0.093929865,21.629503,0.131774
20.066768,4.988935,3.827958,105.657361,5.060340,3.831480,105.721618,0.093181525,0.095432651,21.629503,0.131774
20.116768,4.985323,3.840739,106.129045,5.056981,3.843260,106.132591,0.094693046,0.096939273,21.629503,0.131774
20.166768,4.982407,3.850764,106.463845,5.053433,3.855380,106.515077,0.095855829,0.098098161,21.629503,0.131774
20.216768,4.979811,3.859521,106.735735,5.049753,3.867654,106.870175,0.096858313,0.099097211,21.629503,0.131774
20.266768,4.976134,3.871569,107.043059,5.045962,3.880033,107.182700,0.098202420,0.100436503,21.629503,0.131774
20.316768,4.971954,3.885147,107.366865,5.041979,3.892811,107.458872,0.099705395,0.101934019,21.629503,0.131774
20.366768,4.967514,3.899224,107.623956,5.037817,3.905956,107.694463,0.101214096,0.103436916,21.629503,0.131774
20.416768,4.962951,3.913538,107.849444,5.033495,3.919431,107.875744,0.102725510,0.104942361,21.629503,0.131774
20.466768,4.958184,3.928272,108.006675,5.029124,3.932917,108.036115,0.104233966,0.106444507,21.629503,0.131774
20.516768,4.953323,3.943198,108.132507,5.024581,3.946827,108.131193,0.105741062,0.107945136,21.629503,0.131774
20.566768,4.949492,3.954897,108.193701,5.019919,3.961039,108.194955,0.106904138,0.109103063,21.629503,0.131774
20.616768,4.946137,3.965109,108.225140,5.015228,3.975300,108.210248,0.107908848,0.110103231,21.629503,0.131774
20.666768,4.941456,3.979361,108.191856,5.010346,3.990156,108.158267,0.109256693,0.111444507,21.629503,0.131774
20.716768,4.936165,3.995478,108.128674,5.005364,4.005384,108.070352,0.110763037,0.112943347,21.629503,0.131774
20.766768,4.930721,4.012216,107.993370,5.000248,4.021127,107.920472,0.112270438,0.114442652,21.629503,0.131774
20.816768,4.925206,4.029246,107.824327,4.995029,4.037346,107.744475,0.113778335,0.115942175,21.629503,0.131774
20.866768,4.919672,4.046626,107.600313,4.989891,4.053501,107.540466,0.115280623,0.117435651,21.629503,0.131774
20.916768,4.914129,4.064172,107.350352,4.984811,4.069691,107.286849,0.116780265,0.118926273,21.629503,0.131774
20.966768,4.909823,4.078031,107.122470,4.979631,4.086482,106.997081,0.117947174,0.120085910,21.629503,0.131774
21.016768,4.906139,4.090036,106.905687,4.974420,4.103709,106.635667,0.118946776,0.121079119,21.629503,0.131774
21.066768,4.901216,4.106594,106.523956,4.969374,4.120809,106.221245,0.120295941,0.122419206,21.629503,0.131774
21.116768,4.895627,4.125599,106.053542,4.964428,4.138058,105.761312,0.121833019,0.123945764,21.629503,0.131774
21.166768,4.890276,4.144649,105.513312,4.959570,4.155560,105.239021,0.123352210,0.125454134,21.629503,0.131774
21.216768,4.885036,4.163720,104.940780,4.954883,4.173082,104.677047,0.124863131,0.126954096,21.629503,0.131774
21.266768,4.879978,4.183318,104.280498,4.950088,4.191779,104.036257,0.126373879,0.128453173,21.629503,0.131774
21.316768,4.875005,4.203162,103.579357,4.945904,4.208880,103.405318,0.127884547,0.129951839,21.629503,0.131774
21.366768,4.870301,4.223452,102.807219,4.941302,4.228630,102.659704,0.129399131,0.131453760,21.629503,0.131774
21.416768,4.865723,4.243954,102.001537,4.937097,4.247809,101.874469,0.130915561,0.132957215,21.629503,0.131774
21.466768,4.862398,4.259961,101.342700,4.933147,4.267069,101.065519,0.132084394,0.134115701,21.629503,0.131774
21.516768,4.859653,4.273886,100.751844,4.929528,4.286130,100.235238,0.133092154,0.135114331,21.629503,0.131774
21.566768,4.856297,4.292945,99.920970,4.926029,4.306183,99.342045,0.134440722,0.136450009,21.629503,0.131774
21.616768,4.852652,4.314422,98.976946,4.922841,4.326260,98.449538,0.135949799,0.137944423,21.629503,0.131774
21.666768,4.849461,4.336344,97.961074,4.919939,4.346693,97.477562,0.137469735,0.139449027,21.629503,0.131774
21.716768,4.846492,4.358483,96.909892,4.917453,4.366682,96.501574,0.138994976,0.140958610,21.629503,0.131774
21.766768,4.844113,4.380580,95.792481,4.915244,4.387444,95.451791,0.140500048,0.142447723,21.629503,0.131774
21.816768,4.842006,4.402658,94.644211,4.913459,4.407856,94.387137,0.141995803,0.143927382,21.629503,0.131774
21.866768,4.840463,4.425223,93.424022,4.912025,4.429140,93.276524,0.143519101,0.145434018,21.629503,0.131774
21.916768,4.839214,4.448044,92.165824,4.911036,4.449782,92.170982,0.145056814,0.146954776,21.629503,0.131774
21.966768,4.838635,4.465448,91.172777,4.910444,4.470794,91.009015,0.146234011,0.148119020,21.629503,0.131774
22.016768,4.838366,4.480347,90.302157,4.910278,4.490050,89.877563,0.147244431,0.149118337,21.629503,0.131774
22.066768,4.838568,4.500076,89.105946,4.910564,4.511750,88.577338,0.148599622,0.150458940,21.629503,0.131774
22.116768,4.838990,4.522052,87.757916,4.911239,4.531179,87.403908,0.150115236,0.151958344,21.629503,0.131774
22.166768,4.840157,4.544411,86.428295,4.912449,4.552648,86.098208,0.151633015,0.153459452,21.629503,0.131774
22.216768,4.841671,4.566948,85.106808,4.914083,4.573526,84.873765,0.153151803,0.154961356,21.629503,0.131774
22.266768,4.843956,4.589977,83.774513,4.916212,4.594756,83.633012,0.154668038,0.156460077,21.629503,0.131774
22.316768,4.846597,4.613234,82.436781,4.918833,4.616198,82.378158,0.156183095,0.157957330,21.629503,0.131774
22.366768,4.849097,4.631382,81.390096,4.921768,4.636633,81.194376,0.157353549,0.159113830,21.629503,0.131774
22.416768,4.851532,4.647133,80.479657,4.924808,4.655130,80.113188,0.158362346,0.160110477,21.629503,0.131774
22.466768,4.855461,4.668369,79.279086,4.929232,4.678913,78.755769,0.159711575,0.161443342,21.629503,0.131774
22.516768,4.860115,4.692262,77.937622,4.933812,4.700784,77.532740,0.161225727,0.162939087,21.629503,0.131774
22.566768,4.865638,4.716435,76.561961,4.939023,4.723208,76.244920,0.162750539,0.164445425,21.629503,0.131774
22.616768,4.871595,4.740748,75.168738,4.944790,4.745699,74.933388,0.164280666,0.165957043,21.629503,0.131774
22.666768,4.878409,4.765008,73.768263,4.951101,4.768164,73.617064,0.165804555,0.167462743,21.629503,0.131774
22.716768,4.885623,4.789242,72.363874,4.957961,4.790595,72.291359,0.167325530,0.168965678,21.629503,0.131774
22.766768,4.891637,4.807797,71.285200,4.965383,4.812975,70.971449,0.168496173,0.170122787,21.629503,0.131774
22.816768,4.897094,4.823724,70.356962,4.973122,4.834653,69.702578,0.169504665,0.171119830,21.629503,0.131774
22.866768,4.905114,4.844993,69.156928,4.981575,4.856787,68.447906,0.170862827,0.172463198,21.629503,0.131774
22.916768,4.914366,4.868832,67.825792,4.990392,4.878478,67.237997,0.172389238,0.173973205,21.629503,0.131774
22.966768,4.924318,4.892309,66.562243,4.999791,4.900306,66.061123,0.173898177,0.175466575,21.629503,0.131774
23.016768,4.934591,4.915619,65.329341,5.009316,4.921222,64.948743,0.175399087,0.176952299,21.629503,0.131774
23.066768,4.945710,4.938984,64.111193,5.019907,4.943320,63.785616,0.176918625,0.178457310,21.629503,0.131774
23.116768,4.957263,4.962378,62.900217,5.030069,4.963526,62.738684,0.178447688,0.179972182,21.629503,0.131774
23.166768,4.969488,4.985504,61.727435,5.041796,4.985760,61.584121,0.179972844,0.181484063,21.629503,0.131774
23.216768,4.982035,5.008502,60.572634,5.053229,5.006442,60.539074,0.181496129,0.182994510,21.629503,0.131774
23.266768,4.992128,5.026161,59.704336,5.065638,5.027978,59.485168,0.182668590,0.184157515,21.629503,0.131774
23.316768,5.001086,5.041348,58.968497,5.078300,5.049134,58.465109,0.183678645,0.185159680,21.629503,0.131774
23.366768,5.013714,5.061652,58.022344,5.091343,5.070022,57.496825,0.185032583,0.186503708,21.629503,0.131774
23.416768,5.028067,5.084360,56.977271,5.103936,5.089467,56.598146,0.186548006,0.188008272,21.629503,0.131774
23.466768,5.043055,5.106822,55.948239,5.118802,5.111612,55.573110,0.188067417,0.189517833,21.629503,0.131774
23.516768,5.058345,5.129166,54.926612,5.132928,5.131921,54.646649,0.189588723,0.191029769,21.629503,0.131774
23.566768,5.074103,5.151060,53.946216,5.147440,5.152101,53.727026,0.191103843,0.192536641,21.629503,0.131774
23.616768,5.090077,5.172747,52.984670,5.162407,5.172238,52.846500,0.192616106,0.194041174,21.629503,0.131774
23.666768,5.102742,5.189380,52.262808,5.177421,5.191823,52.004421,0.193789744,0.195209399,21.629503,0.131774
23.716768,5.113845,5.203629,51.653981,5.192823,5.211330,51.177727,0.194803545,0.196218879,21.629503,0.131774
23.766768,5.129074,5.222402,50.886548,5.208850,5.231046,50.381576,0.196159891,0.197570283,21.629503,0.131774
23.816768,5.146187,5.243242,50.046600,5.224419,5.249677,49.643312,0.197672671,0.199077837,21.629503,0.131774
23.866768,5.163656,5.263708,49.264913,5.240539,5.268468,48.927428,0.199182084,0.200582973,21.629503,0.131774
23.916768,5.181290,5.284001,48.510044,5.257035,5.287205,48.246885,0.200689940,0.202086991,21.629503,0.131774
23.966768,5.199319,5.304044,47.808331,5.274305,5.306339,47.578072,0.202201622,0.203595664,21.629503,0.131774
24.016768,5.217540,5.323966,47.132040,5.291111,5.324549,46.978063,0.203715138,0.205106571,21.629503,0.131774
24.066768,5.236067,5.343629,46.492231,5.308041,5.342510,46.396710,0.205230475,0.206620059,21.629503,0.131774
24.116768,5.254742,5.363167,45.869852,5.325184,5.360347,45.834420,0.206746685,0.208134786,21.629503,0.131774
24.166768,5.269300,5.378074,45.388065,5.342739,5.378281,45.257136,0.207917566,0.209304934,21.629503,0.131774
24.216768,5.281926,5.390808,44.972249,5.360454,5.395992,44.676563,0.208926339,0.210313324,21.629503,0.131774
24.266768,5.299102,5.407666,44.409265,5.378130,5.413316,44.093825,0.210278525,0.211665607,21.629503,0.131774
24.316768,5.318404,5.426449,43.777526,5.395658,5.430163,43.518824,0.211791072,0.213178474,21.629503,0.131774
24.366768,5.337922,5.444877,43.149964,5.414196,5.447601,42.922843,0.213301693,0.214690148,21.629503,0.131774
24.416768,5.357541,5.463140,42.524298,5.432449,5.464458,42.346302,0.214811420,0.216201267,21.629503,0.131774
24.466768,5.377368,5.481057,41.900941,5.450621,5.480865,41.772403,0.216319401,0.217711346,21.629503,0.131774
24.516768,5.397294,5.498811,41.278621,5.469186,5.497305,41.195876,0.217826564,0.219220937,21.629503,0.131774
24.566768,5.412859,5.512391,40.796612,5.487865,5.513546,40.618483,0.218995101,0.220391739,21.629503,0.131774
24.616768,5.426333,5.523969,40.381873,5.506518,5.529402,40.039813,0.220001220,0.221400045,21.629503,0.131774
24.666768,5.444575,5.539204,39.808074,5.525294,5.545085,39.446824,0.221350734,0.222753063,21.629503,0.131774
24.716768,5.465118,5.556205,39.157478,5.544482,5.560769,38.834886,0.222865966,0.224272434,21.629503,0.131774
24.766768,5.485880,5.572848,38.489261,5.563626,5.576081,38.214012,0.224377820,0.225789143,21.629503,0.131774
24.816768,5.506745,5.589324,37.812764,5.582857,5.591075,37.577610,0.225888099,0.227304608,21.629503,0.131774
24.866768,5.527788,5.605374,37.107150,5.602445,5.605993,36.930501,0.227387661,0.228810093,21.629503,0.131774
24.916768,5.548915,5.621226,36.387973,5.621457,5.620171,36.276961,0.228882256,0.230310951,21.629503,0.131774
24.966768,5.570504,5.636859,35.638472,5.641538,5.634786,35.578051,0.230394163,0.231829944,21.629503,0.131774
25.016768,5.592326,5.652380,34.873577,5.660713,5.648425,34.898409,0.231914810,0.233358095,21.629503,0.131774
25.066768,5.609124,5.663989,34.264129,5.682184,5.663285,34.109532,0.233083476,0.234532895,21.629503,0.131774
25.116768,5.623569,5.673767,33.727399,5.702208,5.676774,33.365995,0.234087357,0.235542270,21.629503,0.131774
25.166768,5.643104,5.686500,33.014374,5.721950,5.689705,32.643461,0.235429858,0.236892764,21.629503,0.131774
25.216768,5.665045,5.700630,32.217993,5.742656,5.702889,31.885325,0.236932331,0.238404413,21.629503,0.131774
25.266768,5.687467,5.714470,31.416081,5.763421,5.715715,31.142782,0.238443330,0.239925478,21.629503,0.131774
25.316768,5.710122,5.728170,30.611385,5.784257,5.728210,30.399321,0.239958463,0.241451110,21.629503,0.131774
25.366768,5.732842,5.741319,29.806483,5.805710,5.740704,29.637214,0.241452101,0.242955977,21.629503,0.131774
25.416768,5.755591,5.754213,29.001383,5.826175,5.752244,28.907973,0.242935857,0.244451296,21.629503,0.131774
25.466768,5.773864,5.764248,28.362072,5.848516,5.764475,28.124059,0.244115309,0.245640416,21.629503,0.131774
25.516768,5.789781,5.772778,27.809887,5.870383,5.776076,27.369936,0.245134719,0.246668496,21.629503,0.131774
25.566768,5.811011,5.783669,27.081065,5.891371,5.786854,26.658586,0.246486034,0.248031872,21.629503,0.131774
25.616768,5.834669,5.795638,26.271465,5.912526,5.797396,25.923638,0.247989001,0.249548448,21.629503,0.131774
25.666768,5.858494,5.807114,25.444939,5.936179,5.808785,25.098965,0.249490561,0.251064303,21.629503,0.131774
25.716768,5.882397,5.818363,24.610479,5.958349,5.819080,24.309716,0.250991470,0.252579825,21.629503,0.131774
25.766768,5.906372,5.829053,23.756185,5.980025,5.828778,23.535217,0.252495481,0.254098967,21.629503,0.131774
25.816768,5.930381,5.839479,22.892407,6.002569,5.838466,22.721526,0.254000956,0.255619819,21.629503,0.131774
25.866768,5.954353,5.849326,22.051309,6.024743,5.847656,21.925271,0.255506577,0.257141193,21.629503,0.131774
25.916768,5.978309,5.858903,21.220685,6.045977,5.856109,21.182535,0.257012267,0.258662811,21.629503,0.131774
25.966768,5.996845,5.866021,20.635758,6.069081,5.864938,20.477025,0.258163010,0.259826178,21.629503,0.131774
26.016768,6.012890,5.872008,20.163702,6.091170,5.873102,19.836790,0.259150607,0.260824881,21.629503,0.131774
26.066768,6.034589,5.879753,19.589485,6.114537,5.881421,19.229128,0.260474973,0.262164609,21.629503,0.131774
26.116768,6.059251,5.888419,18.961697,6.137087,5.889201,18.677442,0.261975805,0.263683033,21.629503,0.131774
26.166768,6.084087,5.896766,18.365363,6.160222,5.896928,18.143181,0.263484500,0.265209717,21.629503,0.131774
26.216768,6.109016,5.904945,17.785634,6.182984,5.904308,17.610373,0.264997358,0.266740774,21.629503,0.131774
26.266768,6.133939,5.912750,17.200279,6.205749,5.911462,17.073942,0.266506910,0.268268771,21.629503,0.131774
26.316768,6.158859,5.920371,16.612087,6.228822,5.918472,16.526983,0.268014818,0.269795247,21.629503,0.131774
26.366768,6.178254,5.926093,16.157078,6.251530,5.925140,15.995567,0.269183049,0.270978095,21.629503,0.131774
26.416768,6.194998,5.930905,15.765940,6.275216,5.931821,15.438302,0.270188319,0.271996088,21.629503,0.131774
26.466768,6.217610,5.937080,15.230723,6.298585,5.938171,14.886077,0.271533745,0.273358986,21.629503,0.131774
26.516768,6.242934,5.943886,14.628897,6.322031,5.944321,14.324946,0.273036359,0.274881267,21.629503,0.131774
26.566768,6.268069,5.950260,14.034083,6.345086,5.950128,13.779912,0.274528119,0.276392744,21.629503,0.131774
26.616768,6.293118,5.956436,13.442447,6.364900,5.954932,13.305167,0.276014896,0.277899260,21.629503,0.131774
26.666768,6.318616,5.962335,12.832525,6.387873,5.960287,12.755935,0.277520607,0.279425314,21.629503,0.131774
26.716768,6.344340,5.968095,12.213378,6.412383,5.965732,12.169362,0.279035823,0.280961176,21.629503,0.131774
26.766768,6.364044,5.972295,11.733670,6.435597,5.970650,11.595957,0.280189908,0.282131241,21.629503,0.131774
26.816768,6.380972,5.975775,11.318237,6.459746,5.975506,10.994399,0.281177455,0.283132616,21.629503,0.131774
26.866768,6.403857,5.980136,10.744313,6.484127,5.980139,10.378304,0.282503420,0.284477508,21.629503,0.131774
26.916768,6.429840,5.984956,10.087933,6.504733,5.983849,9.857960,0.284005363,0.286001030,21.629503,0.131774
26.966768,6.455946,5.989392,9.402285,6.532155,5.988469,9.142036,0.285517298,0.287534775,21.629503,0.131774
27.016768,6.482116,5.993630,8.701458,6.555612,5.992131,8.495106,0.287034393,0.289073801,21.629503,0.131774
27.066768,6.507945,5.997364,7.980337,6.579303,5.995557,7.835247,0.288537525,0.290598645,21.629503,0.131774
27.116768,6.533615,6.000862,7.249645,6.603238,5.998733,7.144094,0.290034123,0.292116853,21.629503,0.131774
27.166768,6.553460,6.003311,6.667305,6.627129,6.001606,6.429246,0.291190247,0.293289752,21.629503,0.131774
27.216768,6.570513,6.005258,6.155980,6.650908,6.004162,5.697267,0.292183274,0.294297238,21.629503,0.131774
27.266768,6.593466,6.007465,5.408157,6.674705,6.006394,4.908904,0.293519807,0.295653314,21.629503,0.131774
27.316768,6.619435,6.009806,4.539346,6.697650,6.008224,4.109476,0.295031947,0.297187598,21.629503,0.131774
27.366768,6.645350,6.011596,3.617144,6.722116,6.009809,3.248924,0.296540730,0.298718567,21.629503,0.131774
27.416768,6.671238,6.013124,2.669389,6.746232,6.011009,2.398361,0.298047914,0.300247958,21.629503,0.131774
27.466768,6.697061,6.014079,1.705496,6.770104,6.011840,1.534655,0.299548303,0.301770594,21.629503,0.131774
27.516768,6.722854,6.014772,0.734085,6.793503,6.012293,0.668594,0.301045597,0.303290154,21.629503,0.131774
27.566768,6.748652,6.014862,-0.260162,6.817597,6.012396,-0.226833,0.302544165,0.304811007,21.629503,0.131774
27.616768,6.774453,6.014673,-1.265168,6.841459,6.012123,-1.139428,0.304043324,0.306332458,21.629503,0.131774
27.666768,6.794309,6.014197,-2.049122,6.865579,6.011456,-2.090124,0.305201902,0.307508131,21.629503,0.131774
27.716768,6.811401,6.013588,-2.730382,6.889391,6.010397,-3.035647,0.306202071,0.308522980,21.629503,0.131774
27.766768,6.834281,6.012233,-3.669297,6.912587,6.008981,-3.983131,0.307544440,0.309884913,21.629503,0.131774
27.816768,6.859848,6.010532,-4.727959,6.935453,6.007212,-4.919097,0.309045644,0.311407948,21.629503,0.131774
27.866768,6.884995,6.008228,-5.802078,6.960568,6.004829,-5.978779,0.310523387,0.312907060,21.629503,0.131774
27.916768,6.909947,6.005648,-6.883568,6.983390,6.002251,-6.992651,0.311990324,0.314395152,21.629503,0.131774
27.966768,6.935331,6.002364,-8.027522,7.007334,5.999096,-8.061971,0.313499977,0.315925995,21.629503,0.131774
28.016768,6.960958,5.998683,-9.207015,7.030320,5.995636,-9.128744,0.315033720,0.317480946,21.629503,0.131774
28.066768,6.980293,5.995520,-10.112472,7.053282,5.991740,-10.200856,0.316203228,0.318666213,21.629503,0.131774
28.116768,6.996708,5.992597,-10.890958,7.076008,5.987450,-11.293558,0.317203728,0.319679941,21.629503,0.131774
28.166768,7.018582,5.988104,-11.954667,7.098710,5.982695,-12.402335,0.318544887,0.321038434,21.629503,0.131774
28.216768,7.042983,5.982883,-13.150727,7.120844,5.977616,-13.493354,0.320043851,0.322556632,21.629503,0.131774
28.266768,7.067201,5.976960,-14.380654,7.143631,5.971925,-14.675393,0.321545806,0.324077240,21.629503,0.131774
28.316768,7.091334,5.970710,-15.626797,7.165493,5.965981,-15.817694,0.323049164,0.325598977,21.629503,0.131774
28.366768,7.115144,5.963782,-16.874981,7.187914,5.959404,-17.013827,0.324550842,0.327118253,21.629503,0.131774
28.416768,7.138804,5.956540,-18.124481,7.209653,5.952522,-18.165978,0.326051745,0.328636392,21.629503,0.131774
28.466768,7.162218,5.948594,-19.352809,7.231357,5.945171,-19.303295,0.327549738,0.330150920,21.629503,0.131774
28.516768,7.185518,5.940321,-20.571685,7.252519,5.937541,-20.432659,0.329046381,0.331663772,21.629503,0.131774
28.566768,7.203547,5.933506,-21.489564,7.274535,5.929104,-21.581847,0.330211148,0.332840777,21.629503,0.131774
28.616768,7.219050,5.927390,-22.263385,7.295606,5.920542,-22.678382,0.331216848,0.333856812,21.629503,0.131774
28.666768,7.239567,5.918654,-23.278100,7.316643,5.911526,-23.745413,0.332559678,0.335212833,21.629503,0.131774
28.716768,7.262399,5.908706,-24.404306,7.337418,5.902173,-24.783848,0.334058268,0.336725933,21.629503,0.131774
28.766768,7.284997,5.898151,-25.489271,7.358583,5.892190,-25.834194,0.335562460,0.338243820,21.629503,0.131774
28.816768,7.307482,5.887308,-26.554909,7.379066,5.882153,-26.801572,0.337069313,0.339763981,21.629503,0.131774
28.866768,7.329545,5.875982,-27.572013,7.399624,5.871628,-27.760337,0.338575386,0.341282395,21.629503,0.131774
28.916768,7.351410,5.864432,-28.566733,7.419571,5.861029,-28.658096,0.340081095,0.342799995,21.629503,0.131774
28.966768,7.368069,5.855276,-29.307830,7.440033,5.849734,-29.560820,0.341243036,0.343970610,21.629503,0.131774
29.016768,7.382328,5.847224,-29.932086,7.459717,5.838476,-30.414262,0.342246460,0.344981224,21.629503,0.131774
29.066768,7.401176,5.836083,-30.686586,7.479016,5.827027,-31.171391,0.343591784,0.346335515,21.629503,0.131774
29.116768,7.422134,5.823521,-31.501029,7.497429,5.815743,-31.862765,0.345094250,0.347847768,21.629503,0.131774
29.166768,7.442780,5.810634,-32.237690,7.517459,5.803137,-32.555750,0.346593416,0.349356012,21.629503,0.131774
29.216768,7.463280,5.797595,-32.938115,7.536187,5.791041,-33.194866,0.348091039,0.350862384,21.629503,0.131774
29.266768,7.483397,5.784367,-33.551669,7.554970,5.778638,-33.782853,0.349595781,0.352375125,21.629503,0.131774
29.316768,7.503326,5.771046,-34.122710,7.573079,5.766434,-34.263337,0.351104011,0.353890985,21.629503,0.131774
29.366768,7.522919,5.757606,-34.612297,7.591162,5.754020,-34.716537,0.352614758,0.355408780,21.629503,0.131774
29.416768,7.542350,5.744110,-35.062595,7.609195,5.741435,-35.118902,0.354126720,0.356927508,21.629503,0.131774
29.466768,7.557000,5.733795,-35.354488,7.626438,5.729247,-35.430715,0.355292755,0.358098391,21.629503,0.131774
29.516768,7.569426,5.724961,-35.572690,7.643204,5.717254,-35.723675,0.356297841,0.359107436,21.629503,0.131774
29.566768,7.585733,5.713200,-35.820463,7.660365,5.704859,-35.975990,0.357635905,0.360450463,21.629503,0.131774
29.616768,7.603824,5.700094,-36.081842,7.677310,5.692511,-36.199164,0.359127154,0.361947137,21.629503,0.131774
29.666768,7.621552,5.687111,-36.302079,7.693315,5.680759,-36.389534,0.360635216,0.363460214,21.629503,0.131774
29.716768,7.639096,5.674191,-36.501629,7.709469,5.668818,-36.559188,0.362151731,0.364981540,21.629503,0.131774
29.766768,7.656215,5.661469,-36.705317,7.724800,5.657416,-36.719938,0.363659319,0.366493624,21.629503,0.131774
29.816768,7.673134,5.648841,-36.910955,7.740748,5.645485,-36.915209,0.365162704,0.368001358,21.629503,0.131774
29.866768,7.686210,5.638987,-37.139116,7.756358,5.633699,-37.213491,0.366329861,0.369171778,21.629503,0.131774
29.916768,7.697456,5.630456,-37.378010,7.771623,5.622035,-37.583755,0.367336819,0.370181482,21.629503,0.131774
29.966768,7.712211,5.619033,-37.820694,7.787021,5.610090,-38.073027,0.368680160,0.371528169,21.629503,0.131774
30.016768,7.728588,5.606272,-38.357580,7.800915,5.599119,-38.566650,0.370178961,0.373030596,21.629503,0.131774
30.066768,7.744560,5.593452,-39.021094,7.816851,5.586278,-39.255137,0.371687664,0.374542419,21.629503,0.131774
30.116768,7.760337,5.580603,-39.745632,7.831041,5.574573,-39.951001,0.373201135,0.376058767,21.629503,0.131774
30.166768,7.775427,5.567849,-40.568917,7.844900,5.562821,-40.693086,0.374694515,0.377554424,21.629503,0.131774
30.216768,7.790202,5.555137,-41.437595,7.858150,5.551282,-41.504022,0.376178682,0.379040592,21.629503,0.131774
30.266768,7.804661,5.542130,-42.413112,7.872358,5.538533,-42.446687,0.377678964,0.380542311,21.629503,0.131774
30.316768,7.818956,5.528969,-43.444655,7.885594,5.526267,-43.420986,0.379187668,0.382052156,21.629503,0.131774
30.366768,7.829747,5.518688,-44.305189,7.898162,5.514222,-44.464102,0.380365877,0.383230892,21.629503,0.131774
30.416768,7.838738,5.509884,-45.078045,7.910318,5.502183,-45.562090,0.381374344,0.384239570,21.629503,0.131774
30.466768,7.850116,5.498112,-46.215449,7.922228,5.489872,-46.775038,0.382722968,0.385587927,21.629503,0.131774
30.516768,7.862671,5.484875,-47.532828,7.933515,5.477802,-48.016372,0.384239256,0.387103713,21.629503,0.131774
30.566768,7.874356,5.471749,-48.939185,7.944190,5.465804,-49.312595,0.385744319,0.388607644,21.629503,0.131774
30.616768,7.885637,5.458674,-50.387228,7.954246,5.453952,-50.690918,0.387244188,0.390106092,21.629503,0.131774
30.666768,7.895952,5.445814,-51.935765,7.964261,5.441642,-52.185922,0.388738735,0.391598681,21.629503,0.131774
30.716768,7.905804,5.433058,-53.533237,7.973241,5.429851,-53.706782,0.390230728,0.393088460,21.629503,0.131774
30.766768,7.913108,5.423053,-54.848829,7.981544,5.418459,-55.253088,0.391410749,0.394266479,21.629503,0.131774
30.816768,7.919085,5.414479,-56.018257,7.989693,5.406523,-56.940256,0.392428382,0.395282219,21.629503,0.131774
30.866768,7.926122,5.403488,-57.661776,7.997050,5.394962,-58.705956,0.393773481,0.396624582,21.629503,0.131774
30.916768,7.933646,5.391386,-59.523912,8.003704,5.383902,-60.480057,0.395268998,0.398116977,21.629503,0.131774
30.966768,7.940188,5.379743,-61.509173,8.009553,5.373268,-62.358076,0.396774298,0.399619041,21.629503,0.131774
31.016768,7.946252,5.368322,-63.555895,8.014781,5.363171,-64.246213,0.398284362,0.401125813,21.629503,0.131774
31.066768,7.951381,5.357444,-65.674265,8.019599,5.352969,-66.223095,0.399791967,0.402630161,21.629503,0.131774
31.116768,7.956070,5.346823,-67.828153,8.023785,5.343073,-68.300122,0.401298417,0.404133368,21.629503,0.131774
31.166768,7.959891,5.336826,-70.042008,8.027366,5.333670,-70.288962,0.402798985,0.405630867,21.629503,0.131774
31.216768,7.963311,5.327118,-72.285711,8.030390,5.324773,-72.323577,0.404296830,0.407125725,21.629503,0.131774
31.266768,7.965494,5.320161,-74.050114,8.032861,5.316517,-74.473652,0.405462031,0.408288869,21.629503,0.131774
31.316768,7.967084,5.314521,-75.586526,8.034854,5.308830,-76.555880,0.406468042,0.409293269,21.629503,0.131774
31.366768,7.968637,5.307721,-77.684942,8.036412,5.301725,-78.747549,0.407813010,0.410636436,21.629503,0.131774
31.416768,7.970173,5.300388,-80.043402,8.037583,5.295225,-80.839529,0.409313778,0.412135315,21.629503,0.131774
31.466768,7.971160,5.294209,-82.401101,8.038454,5.289092,-83.092240,0.410808949,0.413629118,21.629503,0.131774
31.516768,7.971893,5.288563,-84.761017,8.038942,5.284360,-85.248862,0.412301530,0.415120574,21.629503,0.131774
31.566768,7.972266,5.283842,-87.159154,8.039235,5.279704,-87.480224,0.413805830,0.416624113,21.629503,0.131774
31.616768,7.972463,5.279572,-89.578612,8.039327,5.275937,-89.718392,0.415315838,0.418133538,21.629503,0.131774
31.666768,7.972490,5.276732,-91.437588,8.039280,5.272628,-91.913041,0.416476725,0.419294110,21.629503,0.131774
31.716768,7.972439,5.274551,-93.040523,8.039144,5.269798,-94.104848,0.417477117,0.420294310,21.629503,0.131774
31.766768,7.972298,5.272450,-95.184300,8.038971,5.267573,-96.366539,0.418814223,0.421631356,21.629503,0.131774
31.816768,7.972117,5.270387,-97.577994,8.038790,5.266024,-98.458184,0.420305762,0.423122895,21.629503,0.131774
31.866768,7.971973,5.269177,-99.992991,8.038647,5.264910,-100.810051,0.421808746,0.424625999,21.629503,0.131774
31.916768,7.971846,5.268379,-102.421039,8.038589,5.264197,-103.051466,0.423317258,0.426134689,21.629503,0.131774
31.966768,7.971853,5.268244,-104.825931,8.038572,5.263765,-105.358948,0.424816016,0.427633636,21.629503,0.131774
32.016768,7.971920,5.268413,-107.222906,8.038735,5.263970,-107.626440,0.426310307,0.429128119,21.629503,0.131774
32.066768,7.996082,5.274240,-109.629231,8.039003,5.264392,-109.853515,0.306806801,0.307092691,21.537558,0.131222
32.116768,8.031663,5.282748,-112.042705,8.039395,5.265129,-112.087797,0.129953780,0.126507600,21.402033,0.130403
32.166768,8.047070,5.286262,-113.876933,8.039974,5.266165,-114.342361,0.063301634,0.059578338,21.289566,0.130363
32.216768,8.053142,5.287464,-115.444768,8.040639,5.267372,-116.493439,0.047636061,0.045234153,21.187766,0.130719
32.266768,8.056436,5.291840,-117.563473,8.041540,5.268946,-118.727079,0.038878245,0.037197044,21.154628,0.130184
32.316768,8.058395,5.297742,-119.948930,8.042607,5.270692,-120.851243,0.033441974,0.032192648,21.154506,0.129208
32.366768,8.059841,5.301484,-122.264955,8.043887,5.272702,-123.006954,0.029795272,0.028831587,21.098687,0.128542
32.416768,8.061029,5.304145,-124.548814,8.045292,5.274769,-125.059370,0.027045005,0.026293711,21.014967,0.128032
32.466768,8.064663,5.307526,-126.801703,8.046794,5.276845,-127.073853,0.025044813,0.024444406,20.922785,0.127470
32.516768,8.069582,5.311285,-129.040714,8.048433,5.278939,-129.126218,0.023438782,0.022956942,20.826154,0.126881
32.566768,8.074346,5.313982,-130.731843,8.050272,5.281124,-131.125073,0.021941969,0.021574429,20.627899,0.127414
32.616768,8.079033,5.316152,-132.152680,8.052244,5.283321,-133.018936,0.020499298,0.020243942,20.379266,0.128507
32.666768,8.083478,5.318502,-134.012658,8.054536,5.285708,-134.940375,0.019610475,0.019427828,20.236886,0.128652
32.716768,8.087810,5.320938,-136.081183,8.057088,5.288193,-136.875711,0.018983132,0.018854558,20.144669,0.128346
32.766768,8.092270,5.325169,-138.130289,8.059829,5.290687,-138.778381,0.018605346,0.018520175,20.180246,0.126715
32.816768,8.096791,5.330264,-140.171757,8.062648,5.293089,-140.644143,0.018347479,0.018300584,20.277232,0.124441
32.866768,8.101336,5.334367,-142.143621,8.065774,5.295579,-142.555302,0.018150290,0.018138331,20.304675,0.123703
32.916768,8.105891,5.338015,-144.085034,8.069008,5.297986,-144.381102,0.017980951,0.018002394,20.300200,0.123676
32.966768,8.110050,5.340743,-145.979181,8.072316,5.300289,-146.166543,0.017851586,0.017904063,20.280462,0.123556
33.016768,8.114027,5.343048,-147.852875,8.075870,5.302603,-147.901544,0.017740649,0.017823066,20.253689,0.123393
33.066768,8.117671,5.344619,-149.258936,8.079673,5.304922,-149.628486,0.017334661,0.017458679,20.074849,0.124556
33.116768,8.121157,5.345843,-150.444306,8.083342,5.307014,-151.214735,0.016788956,0.016960095,19.823998,0.126351
33.166768,8.125331,5.347816,-151.990207,8.087520,5.309239,-152.893572,0.017595626,0.017750337,20.106375,0.126858
33.216768,8.129822,5.350134,-153.702596,8.091348,5.311146,-154.387962,0.019024226,0.019133284,20.633971,0.126769
33.266768,8.134455,5.352820,-155.346440,8.095589,5.313118,-155.992768,0.019244937,0.019360104,20.621508,0.125636
33.316768,8.139157,5.355680,-156.958823,8.099630,5.314867,-157.389919,0.018895528,0.019041235,20.354138,0.124008
33.366768,8.143960,5.357871,-158.512517,8.103976,5.316619,-158.852893,0.019778814,0.019916120,20.530645,0.125072
33.416768,8.148811,5.359747,-160.039419,8.108374,5.318267,-160.266354,0.021240441,0.021351077,20.915406,0.127412
33.466768,8.152650,5.360596,-161.180051,8.112676,5.319762,-161.629272,0.020885277,0.021024017,20.627857,0.128682
33.516768,8.156021,5.360971,-162.143199,8.116985,5.321147,-162.873751,0.019693467,0.019885534,20.030704,0.129446
33.566768,8.158703,5.361343,-163.094751,8.118649,5.321658,-163.928227,0.019007038,0.019241498,19.764056,0.128815
33.616768,8.161066,5.361714,-164.041101,8.118627,5.321657,-164.510603,0.018554596,0.018826385,19.650429,0.127443
33.666768,8.161778,5.361448,-164.428979,8.118634,5.321660,-164.677292,0.018305741,0.018602481,19.726363,0.125134
33.716768,8.161721,5.360886,-164.556824,8.118673,5.321671,-164.677369,0.018151705,0.018467632,19.890584,0.122387
33.766768,8.162433,5.360976,-164.597431,8.118424,5.321637,-164.624703,0.018027370,0.018357061,19.977558,0.121710
33.816768,8.163507,5.361375,-164.596866,8.118423,5.321637,-164.624698,0.017917052,0.018257948,20.028073,0.122017
33.866768,8.164451,5.361723,-164.597009,8.118423,5.321637,-164.624693,0.017829953,0.018179953,20.051316,0.122159
33.916768,8.165334,5.362048,-164.597480,8.118423,5.321637,-164.624689,0.017753550,0.018111687,20.061994,0.122225
33.966768,8.166116,5.362342,-164.597126,8.118422,5.321637,-164.624685,0.017371791,0.017752940,19.898116,0.123614
34.016768,8.166849,5.362622,-164.596379,8.118422,5.321637,-164.624682,0.016844918,0.017256148,19.651282,0.125639
34.066768,8.167485,5.362854,-164.597479,8.118422,5.321637,-164.624680,0.016749106,0.017170004,19.696189,0.124623
34.116768,8.168076,5.363063,-164.599428,8.118422,5.321637,-164.624677,0.016851439,0.017272623,19.875200,0.122198
34.166768,8.168608,5.363251,-164.601163,8.118422,5.321637,-164.624675,0.016932976,0.017353848,19.963895,0.121627
34.216768,8.169114,5.363428,-164.602800,8.118422,5.321637,-164.624674,0.017004946,0.017425233,20.011043,0.121914
34.266768,8.169569,5.363586,-164.604292,8.118422,5.321637,-164.624672,0.017062556,0.017482170,20.030974,0.122036
34.316768,8.170001,5.363735,-164.605717,8.118421,5.321637,-164.624671,0.017113475,0.017532376,20.038224,0.122080
34.366768,8.170384,5.363873,-164.606260,8.118421,5.321637,-164.624670,0.016831708,0.017265781,19.869318,0.123488
34.416768,8.170745,5.364004,-164.606395,8.118421,5.321637,-164.624669,0.016396226,0.016852813,19.619021,0.125531
34.466768,8.170810,5.363997,-164.620304,8.118135,5.321558,-164.637908,0.016273209,0.016735422,19.535477,0.126186
34.516768,8.170734,5.363924,-164.640724,8.117213,5.321305,-164.675260,0.016297938,0.016757791,19.530780,0.126177
34.566768,8.169604,5.363783,-164.698538,8.115420,5.320815,-164.733690,0.016409999,0.016860715,19.654009,0.124485
34.616768,8.167986,5.363610,-164.773663,8.113167,5.320202,-164.808558,0.016562487,0.017000929,19.836455,0.122007
34.666768,8.165333,5.363054,-164.920543,8.110208,5.319402,-164.934093,0.016682256,0.017105298,19.928412,0.121408
34.716768,8.162196,5.362319,-165.100987,8.106873,5.318512,-165.135207,0.016786720,0.017192899,19.978044,0.121709
34.766768,8.158981,5.361780,-165.374185,8.103455,5.317613,-165.386157,0.016866856,0.017254545,20.000457,0.121849
34.816768,8.155729,5.361332,-165.691011,8.099688,5.316645,-165.696139,0.016935550,0.017303984,20.010070,0.121908
34.866768,8.152240,5.360162,-165.995979,8.095777,5.315665,-166.084653,0.016670250,0.017035716,19.843492,0.123327
34.916768,8.148635,5.358633,-166.295064,8.092052,5.314757,-166.513559,0.016239085,0.016609668,19.589416,0.125428
34.966768,8.146384,5.357686,-166.814569,8.089577,5.314176,-167.100505,0.016122393,0.016485197,19.510986,0.126094
35.016768,8.144758,5.357007,-167.435658,8.087873,5.313796,-167.684649,0.016150589,0.016499671,19.513480,0.126094
35.066768,8.143907,5.357292,-168.198223,8.086737,5.313556,-168.416372,0.016267429,0.016606307,19.642716,0.124436
35.116768,8.143415,5.358024,-169.026466,8.086254,5.313462,-169.164961,0.016425366,0.016755672,19.830712,0.122004
35.166768,8.142424,5.358070,-169.965132,8.085853,5.313391,-170.027789,0.016554107,0.016877235,19.929991,0.121420
35.216768,8.141186,5.357777,-170.958501,8.085326,5.313302,-170.933530,0.016668427,0.016985066,19.985446,0.121758
35.266768,8.139761,5.356647,-171.758252,8.084659,5.313203,-171.868645,0.016435348,0.016759557,19.841864,0.123294
35.316768,8.138248,5.355130,-172.468408,8.083994,5.313116,-172.850547,0.016041296,0.016379588,19.606053,0.125391
35.366768,8.134994,5.352948,-173.516074,8.082835,5.312978,-174.054156,0.015951569,0.016286149,19.534155,0.126091
35.416768,8.130936,5.350458,-174.719870,8.081058,5.312812,-175.209764,0.016002422,0.016325069,19.537974,0.126139
35.466768,8.127767,5.349661,-175.986157,8.078905,5.312643,-176.416663,0.016992065,0.017272784,19.936378,0.126162
35.516768,8.125016,5.349661,-177.282244,8.076497,5.312513,-177.494557,0.018423508,0.018648183,20.520476,0.126172
35.566768,8.121585,5.349704,-178.628276,8.073174,5.312404,-178.891881,0.019884916,0.020072756,20.886750,0.127246
35.616768,8.117826,5.349768,-179.998869,8.069773,5.312376,179.836193,0.021360777,0.021521048,21.147961,0.128838
35.666768,8.113804,5.349920,178.605713,8.066201,5.312425,178.601532,0.022842761,0.022985523,21.308395,0.129817
35.716768,8.109658,5.350114,177.198124,8.062346,5.312565,177.308749,0.024327616,0.024457590,21.421553,0.130506
35.766768,8.106338,5.350353,176.110830,8.058377,5.312799,175.994278,0.025481273,0.025604159,21.483098,0.130882
35.816768,8.103413,5.350614,175.176165,8.054387,5.313125,174.708361,0.026476760,0.026595282,21.519994,0.131107
35.866768,8.099496,5.351064,173.908933,8.050353,5.313546,173.419905,0.027814183,0.027929081,21.550838,0.131295
35.916768,8.095104,5.351605,172.481576,8.046472,5.314037,172.176052,0.029315843,0.029427473,21.578775,0.131465
35.966768,8.090626,5.352303,171.077261,8.042259,5.314669,170.828189,0.030809894,0.030919595,21.595773,0.131569
36.016768,8.086108,5.353074,169.683166,8.038177,5.315376,169.529385,0.032300391,0.032408787,21.607657,0.131641
36.066768,8.081171,5.354079,168.282156,8.033780,5.316245,168.151237,0.033803622,0.033911314,21.615032,0.131686
36.116768,8.076029,5.355198,166.877199,8.028994,5.317304,166.836894,0.035313118,0.035420401,21.620189,0.131718
36.166768,8.071802,5.356223,165.804317,8.024005,5.318532,165.548839,0.036472297,0.036579497,21.622952,0.131734
36.216768,8.067999,5.357204,164.885038,8.018890,5.319912,164.280975,0.037469102,0.037576369,21.624605,0.131745
36.266768,8.062532,5.358799,163.651714,8.013215,5.321580,162.957695,0.038809057,0.038916688,21.625985,0.131753
36.316768,8.056271,5.360687,162.268178,8.007633,5.323351,161.767930,0.040312758,0.040420893,21.627235,0.131761
36.366768,8.049547,5.362961,160.932038,8.001045,5.325608,160.430582,0.041812776,0.041921690,21.627997,0.131765
36.416768,8.042605,5.365415,159.617547,7.994580,5.327974,159.262450,0.043311075,0.043420897,21.628531,0.131769
36.466768,8.035377,5.368224,158.355101,7.987931,5.330570,158.073344,0.044807525,0.044918445,21.628857,0.131771
36.516768,8.028013,5.371200,157.116826,7.981611,5.333181,156.997402,0.046303102,0.046415209,21.629085,0.131772
36.566768,8.020378,5.374553,155.907216,7.974157,5.336439,155.783950,0.047799382,0.047912809,21.629226,0.131773
36.616768,8.012609,5.378089,154.711178,7.966849,5.339807,154.663382,0.049296003,0.049410816,21.629324,0.131773
36.666768,8.006454,5.381037,153.804520,7.959566,5.343339,153.567599,0.050464543,0.050580472,21.629377,0.131774
36.716768,8.001101,5.383693,153.041567,7.952297,5.347032,152.530338,0.051469928,0.051586841,21.629409,0.131774
36.766768,7.993621,5.387647,152.057523,7.944448,5.351198,151.501417,0.052812745,0.052931059,21.629436,0.131774
36.816768,7.985130,5.392218,150.968266,7.936672,5.355497,150.552313,0.054315867,0.054435781,21.629460,0.131774
36.866768,7.976285,5.397273,149.933983,7.928468,5.360220,149.566521,0.055811636,0.055933226,21.629474,0.131774
36.916768,7.967275,5.402555,148.925198,7.920156,5.365178,148.673213,0.057303965,0.057427267,21.629484,0.131774
36.966768,7.957831,5.408393,147.971200,7.911414,5.370587,147.775161,0.058806881,0.058931963,21.629491,0.131774
37.016768,7.948174,5.414506,147.044027,7.902423,5.376345,146.937857,0.060315017,0.060441912,21.629495,0.131774
37.066768,7.940520,5.419513,146.366211,7.893251,5.382388,146.168131,0.061480201,0.061608512,21.629498,0.131774
37.116768,7.933812,5.423999,145.806118,7.884354,5.388431,145.441636,0.062483357,0.062612898,21.629499,0.131774
37.166768,7.924409,5.430538,145.125911,7.873620,5.395928,144.683375,0.063810843,0.063942091,21.629500,0.131774
37.216768,7.913760,5.438026,144.390054,7.864223,5.402661,144.053650,0.065288424,0.065421602,21.629501,0.131774
37.266768,7.902327,5.446353,143.714772,7.853862,5.410253,143.445172,0.066799051,0.066934256,21.629502,0.131774
37.316768,7.890476,5.455129,143.071906,7.842727,5.418583,142.897898,0.068327398,0.068464684,21.629502,0.131774
37.366768,7.878297,5.464411,142.520510,7.831563,5.427105,142.375129,0.069829119,0.069968485,21.629503,0.131774
37.416768,7.865968,5.473926,142.011122,7.820663,5.435569,141.949202,0.071318601,0.071460048,21.629503,0.131774
37.466768,7.856056,5.481702,141.657722,7.807977,5.445570,141.527677,0.072478456,0.072621546,21.629503,0.131774
37.516768,7.847350,5.488611,141.382109,7.795824,5.455286,141.182618,0.073473905,0.073618421,21.629503,0.131774
37.566768,7.835060,5.498522,141.082403,7.782533,5.466033,140.882608,0.074815278,0.074961779,21.629503,0.131774
37.616768,7.820871,5.510024,140.769924,7.770638,5.475745,140.647285,0.076339972,0.076488754,21.629503,0.131774
37.666768,7.806513,5.521809,140.534686,7.756903,5.487051,140.433133,0.077851915,0.078002943,21.629503,0.131774
37.716768,7.792077,5.533729,140.335654,7.743422,5.498220,140.280170,0.079357881,0.079511138,21.629503,0.131774
37.766768,7.777284,5.546029,140.220488,7.729981,5.509412,140.159393,0.080861709,0.081017230,21.629503,0.131774
37.816768,7.762325,5.558505,140.144271,7.715786,5.521266,140.123913,0.082364545,0.082522346,21.629503,0.131774
37.866768,7.750653,5.568248,140.128721,7.701960,5.532815,140.130457,0.083522677,0.083682265,21.629503,0.131774
37.916768,7.740527,5.576705,140.141715,7.687714,5.544707,140.173580,0.084518626,0.084679771,21.629503,0.131774
37.966768,7.726551,5.588336,140.242294,7.672836,5.557089,140.308978,0.085856538,0.086019909,21.629503,0.131774
38.016768,7.710634,5.601566,140.387016,7.659059,5.568494,140.463211,0.087366799,0.087532734,21.629503,0.131774
38.066768,7.694370,5.614954,140.606307,7.642690,5.581952,140.705687,0.088873433,0.089042145,21.629503,0.131774
38.116768,7.677936,5.628419,140.862152,7.627437,5.594378,140.968138,0.090378290,0.090549883,21.629503,0.131774
38.166768,7.661022,5.642070,141.197786,7.611881,5.606926,141.282471,0.091874495,0.092049318,21.629503,0.131774
38.216768,7.643870,5.655812,141.572784,7.595599,5.619903,141.663295,0.093366434,0.093544657,21.629503,0.131774
38.266768,7.625874,5.669943,142.011496,7.578939,5.632986,142.073191,0.094877160,0.095059324,21.629503,0.131774
38.316768,7.607424,5.684284,142.484461,7.561856,5.646202,142.518432,0.096397982,0.096584376,21.629503,0.131774
38.366768,7.592895,5.695377,142.885850,7.544176,5.659642,143.020857,0.097576036,0.097765996,21.629503,0.131774
38.416768,7.580304,5.704865,143.251872,7.527555,5.672060,143.527319,0.098584648,0.098777846,21.629503,0.131774
38.466768,7.563045,5.717510,143.825605,7.508729,5.685846,144.177442,0.099925475,0.100123579,21.629503,0.131774
38.516768,7.543565,5.731658,144.498235,7.491382,5.698233,144.804410,0.101424419,0.101628223,21.629503,0.131774
38.566768,7.523568,5.745659,145.245260,7.472140,5.711637,145.527338,0.102932936,0.103143190,21.629503,0.131774
38.616768,7.503314,5.759587,146.029471,7.453496,5.724313,146.275361,0.104446227,0.104663306,21.629503,0.131774
38.666768,7.482825,5.773110,146.862377,7.434481,5.736929,147.047088,0.105955731,0.106180355,21.629503,0.131774
38.716768,7.462224,5.786440,147.718699,7.416458,5.748494,147.814092,0.107463421,0.107695936,21.629503,0.131774
38.766768,7.446174,5.796478,148.414685,7.397760,5.760185,148.636810,0.108630450,0.108869464,21.629503,0.131774
38.816768,7.432280,5.804957,149.034824,7.379558,5.771216,149.469817,0.109636159,0.109881012,21.629503,0.131774
38.866768,7.413580,5.815832,149.914766,7.359350,5.783032,150.444607,0.110977381,0.111230637,21.629503,0.131774
38.916768,7.392649,5.827821,150.915546,7.340616,5.793580,151.357849,0.112474485,0.112737338,21.629503,0.131774
38.966768,7.371703,5.839143,151.996973,7.320613,5.804347,152.379754,0.113973228,0.114246249,21.629503,0.131774
39.016768,7.350752,5.850139,153.117950,7.300976,5.814472,153.476157,0.115472769,0.115756237,21.629503,0.131774
39.066768,7.329806,5.860418,154.301278,7.281666,5.824013,154.579197,0.116983888,0.117278270,21.629503,0.131774
39.116768,7.308864,5.870338,155.516166,7.263381,5.832535,155.662909,0.118500807,0.118806337,21.629503,0.131774
39.166768,7.293820,5.877103,156.402416,7.243539,5.841378,156.851896,0.119594957,0.119908709,21.629503,0.131774
39.216768,7.281497,5.882413,157.137198,7.232247,5.846187,157.535990,0.120493978,0.120814602,21.629503,0.131774
39.266768,7.267653,5.888136,157.966196,7.220835,5.850892,158.235321,0.121498875,0.121827389,21.629503,0.131774
39.316768,7.251991,5.894351,158.907948,7.203112,5.857880,159.306298,0.122630272,0.122967894,21.629503,0.131774
39.366768,7.232721,5.901404,160.030088,7.183136,5.865295,160.482743,0.124000395,0.124349678,21.629503,0.131774
39.416768,7.211794,5.908841,161.235359,7.163427,5.872161,161.609883,0.125480199,0.125842317,21.629503,0.131774
39.466768,7.190248,5.915825,162.448577,7.145170,5.878143,162.641929,0.126981950,0.127357781,21.629503,0.131774
39.516768,7.168375,5.922570,163.666347,7.124345,5.884507,163.809190,0.128495246,0.128885252,21.629503,0.131774
39.566768,7.151621,5.927376,164.583699,7.105186,5.889964,164.858065,0.129647013,0.130048106,21.629503,0.131774
39.616768,7.137379,5.931232,165.353896,7.087289,5.894710,165.831010,0.130621434,0.131032099,21.629503,0.131774
39.666768,7.117716,5.936028,166.414917,7.068733,5.899289,166.836323,0.131949923,0.132374157,21.629503,0.131774
39.716768,7.094685,5.941407,167.656882,7.049419,5.903682,167.884412,0.133498382,0.133938669,21.629503,0.131774
39.766768,7.077182,5.945128,168.595778,7.028243,5.908072,169.027641,0.134674299,0.135126944,21.629503,0.131774
39.816768,7.062302,5.948061,169.391108,7.008888,5.911692,170.064705,0.135673483,0.136136732,21.629503,0.131774
39.866768,7.042514,5.951429,170.437948,6.989006,5.915022,171.118878,0.137011216,0.137488666,21.629503,0.131774
39.916768,7.020371,5.955005,171.605664,6.968304,5.918101,172.207753,0.138511360,0.139004738,21.629503,0.131774
39.966768,6.998019,5.957995,172.739029,6.947460,5.920780,173.286707,0.140010476,0.140520205,21.629503,0.131774
40.016768,6.975567,5.960703,173.856187,6.926818,5.923052,174.276912,0.141509097,0.142035381,21.629503,0.131774
40.066768,6.952533,5.962878,174.920148,6.905437,5.925035,175.258220,0.143012804,0.143556487,21.629503,0.131774
40.116768,6.929216,5.964794,175.958557,6.883682,5.926678,176.187444,0.144518978,0.145080469,21.629503,0.131774
40.166768,6.905656,5.966210,176.872430,6.862252,5.927966,177.004003,0.146021917,0.146601684,21.629503,0.131774
40.216768,6.881982,5.967391,177.728278,6.840069,5.928986,177.791733,0.147523346,0.148121607,21.629503,0.131774
40.266768,6.863636,5.968058,178.325950,6.817953,5.929715,178.465518,0.148681409,0.149294098,21.629503,0.131774
40.316768,6.847758,5.968486,178.804133,6.795820,5.930193,179.092275,0.149680470,0.150305702,21.629503,0.131774
40.366768,6.826164,5.968754,179.379425,6.773745,5.930431,179.677266,0.151020634,0.151663146,21.629503,0.131774
40.416768,6.801901,5.968947,-179.999904,6.750892,5.930458,-179.792023,0.152520073,0.153182075,21.629503,0.131774
40.466768,6.777143,5.968800,-179.435947,6.728204,5.930277,-179.275907,0.154021759,0.154703986,21.629503,0.131774
40.516768,6.752153,5.968493,-178.898514,6.704855,5.929889,-178.797262,0.155524499,0.156227293,21.629503,0.131774
40.566768,6.727032,5.967886,-178.417956,6.682461,5.929338,-178.369332,0.157014264,0.157738007,21.629503,0.131774
40.616768,6.701850,5.967141,-177.963559,6.658664,5.928575,-177.957502,0.158498054,0.159242923,21.629503,0.131774
40.666768,6.682157,5.966420,-177.654180,6.634032,5.927616,-177.570434,0.159650486,0.160411992,21.629503,0.131774
40.716768,6.665253,5.965713,-177.418519,6.610078,5.926542,-177.303894,0.160634449,0.161410311,21.629503,0.131774
40.766768,6.642230,5.964630,-177.231847,6.586249,5.925390,-177.159700,0.161970742,0.162766237,21.629503,0.131774
40.816768,6.615617,5.963328,-177.073899,6.562241,5.924174,-177.043112,0.163513637,0.164331857,21.629503,0.131774
40.866768,6.589348,5.961973,-176.976904,6.537946,5.922903,-176.967496,0.165026033,0.165866845,21.629503,0.131774
40.916768,6.563236,5.960593,-176.907816,6.513908,5.921619,-176.915319,0.166524465,0.167387807,21.629503,0.131774
40.966768,6.536777,5.959165,-176.871548,6.489516,5.920297,-176.882236,0.168024734,0.168911155,21.629503,0.131774
41.016768,6.510157,5.957713,-176.850457,6.465663,5.918993,-176.866339,0.169525852,0.170435605,21.629503,0.131774
41.066768,6.483632,5.956263,-176.854352,6.439487,5.917559,-176.863224,0.171019047,0.171952134,21.629503,0.131774
41.116768,6.457150,5.954813,-176.869727,6.414978,5.916219,-176.882115,0.172508600,0.173465023,21.629503,0.131774
41.166768,6.436573,5.953697,-176.894599,6.390421,5.914888,-176.915750,0.173668681,0.174643222,21.629503,0.131774
41.216768,6.418890,5.952743,-176.924127,6.366171,5.913589,-176.952945,0.174667285,0.175657386,21.629503,0.131774
41.266768,6.394991,5.951478,-176.969775,6.341243,5.912270,-176.995367,0.176008936,0.177020185,21.629503,0.131774
41.316768,6.368005,5.950057,-177.023428,6.316471,5.910982,-177.055572,0.177520923,0.178556094,21.629503,0.131774
41.366768,6.341296,5.948702,-177.118018,6.291798,5.909730,-177.146756,0.179021962,0.180080777,21.629503,0.131774
41.416768,6.314716,5.947377,-177.231523,6.267644,5.908549,-177.264128,0.180517942,0.181600274,21.629503,0.131774
41.466768,6.287983,5.946129,-177.365156,6.242194,5.907361,-177.395202,0.182018917,0.183124961,21.629503,0.131774
41.516768,6.261179,5.944917,-177.508326,6.217713,5.906275,-177.529764,0.183522258,0.184652107,21.629503,0.131774
41.566768,6.240558,5.944036,-177.618248,6.192553,5.905218,-177.664568,0.184678147,0.185826329,21.629503,0.131774
41.616768,6.222807,5.943307,-177.712732,6.168067,5.904245,-177.794029,0.185672705,0.186836678,21.629503,0.131774
41.666768,6.198943,5.942410,-177.866874,6.143078,5.903313,-177.949674,0.187004988,0.188190262,21.629503,0.131774
41.716768,6.172095,5.941430,-178.050148,6.118472,5.902473,-178.150139,0.188502181,0.189711448,21.629503,0.131774
41.766768,6.145363,5.940589,-178.272369,6.093313,5.901707,-178.374117,0.189995729,0.191228869,21.629503,0.131774
41.816768,6.118687,5.939818,-178.513938,6.068693,5.901055,-178.608311,0.191487467,0.192744421,21.629503,0.131774
41.866768,6.091748,5.939196,-178.754817,6.043565,5.900495,-178.844873,0.192996695,0.194277676,21.629503,0.131774
41.916768,6.064672,5.938652,-178.995339,6.019228,5.900047,-179.050826,0.194515054,0.195820173,21.629503,0.131774
41.966768,6.043968,5.938308,-179.156177,5.994806,5.899679,-179.225783,0.195676761,0.197000331,21.629503,0.131774
42.016768,6.026245,5.938058,-179.279722,5.970053,5.899376,-179.376975,0.196671543,0.198010902,21.629503,0.131774
42.066768,6.002399,5.937806,-179.419230,5.944865,5.899130,-179.509467,0.198010533,0.199371132,21.629503,0.131774
42.116768,5.975547,5.937555,-179.566576,5.920388,5.898946,-179.629543,0.199518529,0.200903045,21.629503,0.131774
42.166768,5.948755,5.937379,-179.676715,5.895299,5.898806,-179.724077,0.201020568,0.202428977,21.629503,0.131774
42.216768,5.921991,5.937240,-179.769448,5.870316,5.898699,-179.789571,0.202519820,0.203952112,21.629503,0.131774
42.266768,5.895390,5.937142,-179.822580,5.845461,5.898618,-179.837245,0.204005253,0.205461344,21.629503,0.131774
42.316768,5.868866,5.937065,-179.857103,5.820781,5.898553,-179.856287,0.205484192,0.206964043,21.629503,0.131774
42.366768,5.841985,5.936995,-179.867031,5.795871,5.898493,-179.865831,0.206987672,0.208491549,21.629503,0.131774
42.416768,5.814914,5.936931,-179.863824,5.771157,5.898434,-179.858080,0.208504263,0.210032306,21.629503,0.131774
42.466768,5.794311,5.936879,-179.857394,5.746959,5.898371,-179.845880,0.209662323,0.211208711,21.629503,0.131774
42.516768,5.776841,5.936833,-179.849405,5.722348,5.898304,-179.846727,0.210646735,0.212208648,21.629503,0.131774
42.566768,5.753623,5.936776,-179.860095,5.697888,5.898244,-179.869974,0.211975126,0.213557410,21.629503,0.131774
42.616768,5.727201,5.936713,-179.881201,5.673507,5.898192,-179.889529,0.213495305,0.215100660,21.629503,0.131774
42.666768,5.700938,5.936658,-179.864766,5.649647,5.898151,-179.908178,0.215007016,0.216635274,21.629503,0.131774
42.716768,5.674753,5.936608,-179.829722,5.626371,5.898099,-179.820044,0.216514529,0.218165606,21.629503,0.131774
42.766768,5.648539,5.936494,-179.712642,5.601183,5.897995,-179.696275,0.218020564,0.219694505,21.629503,0.131774
42.816768,5.622310,5.936350,-179.556698,5.577002,5.897837,-179.542465,0.219525900,0.221222725,21.629503,0.131774
42.866768,5.596097,5.936093,-179.361130,5.552805,5.897609,-179.365875,0.221026069,0.222745808,21.629503,0.131774
42.916768,5.569893,5.935786,-179.147392,5.528694,5.897303,-179.166931,0.222523869,0.224266536,21.629503,0.131774
42.966768,5.549555,5.935464,-178.960833,5.504657,5.896909,-178.941722,0.223681069,0.225441591,21.629503,0.131774
43.016768,5.531944,5.935136,-178.786904,5.479714,5.896398,-178.700847,0.224679964,0.226455984,21.629503,0.131774
43.066768,5.508404,5.934563,-178.545765,5.455004,5.895786,-178.447549,0.226012455,0.227809225,21.629503,0.131774
43.116768,5.482080,5.933875,-178.273064,5.430658,5.895077,-178.198934,0.227501590,0.229321577,21.629503,0.131774
43.166768,5.455508,5.933013,-178.006338,5.405999,5.894251,-177.955550,0.229005746,0.230849158,21.629503,0.131774
43.216768,5.428810,5.932063,-177.742607,5.381202,5.893315,-177.710035,0.230517440,0.232384382,21.629503,0.131774
43.266768,5.402186,5.930950,-177.474459,5.356321,5.892270,-177.468441,0.232016270,0.233906783,21.629503,0.131774
43.316768,5.375597,5.929760,-177.204241,5.331915,5.891142,-177.218708,0.233509081,0.235423186,21.629503,0.131774
43.366768,5.354948,5.928741,-176.989247,5.307386,5.889899,-176.962248,0.234673296,0.236605659,21.629503,0.131774
43.416768,5.337204,5.927806,-176.801250,5.283032,5.888553,-176.706130,0.235676853,0.237624866,21.629503,0.131774
43.466768,5.313626,5.926418,-176.550142,5.258523,5.887089,-176.447425,0.237019421,0.238988103,21.629503,0.131774
43.516768,5.287286,5.924815,-176.269144,5.234355,5.885538,-176.193141,0.238522522,0.240514249,21.629503,0.131774
43.566768,5.261100,5.923053,-176.006681,5.209805,5.883853,-175.945532,0.240012717,0.242027376,21.629503,0.131774
43.616768,5.234987,5.921217,-175.752830,5.185317,5.882071,-175.716639,0.241496915,0.243534451,21.629503,0.131774
43.666768,5.208510,5.919200,-175.516493,5.161633,5.880252,-175.495638,0.243002224,0.245062930,21.629503,0.131774
43.716768,5.181847,5.917090,-175.289125,5.136287,5.878208,-175.288452,0.244518349,0.246602375,21.629503,0.131774
43.766768,5.161290,5.915399,-175.150978,5.111896,5.876169,-175.146113,0.245682686,0.247784733,21.629503,0.131774
43.816768,5.143577,5.913901,-175.054366,5.087569,5.874077,-175.020407,0.246683246,0.248800848,21.629503,0.131774
43.866768,5.119715,5.911814,-174.951384,5.062314,5.871854,-174.919115,0.248022859,0.250161515,21.629503,0.131774
43.916768,5.093001,5.909454,-174.845450,5.037673,5.869644,-174.823857,0.249519656,0.251681915,21.629503,0.131774
43.966768,5.066389,5.907037,-174.743838,5.012995,5.867387,-174.725651,0.251017030,0.253202727,21.629503,0.131774
44.016768,5.039824,5.904594,-174.644272,4.988327,5.865092,-174.635100,0.252514678,0.254723734,21.629503,0.131774
44.066768,5.013215,5.902087,-174.561604,4.963501,5.862743,-174.553614,0.254010554,0.256243054,21.629503,0.131774
44.116768,4.986585,5.899549,-174.487060,4.938845,5.860378,-174.492259,0.255505578,0.257761564,21.629503,0.131774
44.166768,4.959975,5.896974,-174.425736,4.914423,5.858013,-174.440767,0.257008843,0.259288177,21.629503,0.131774
44.216768,4.933377,5.894381,-174.370970,4.889648,5.855590,-174.386923,0.258516196,0.260818809,21.629503,0.131774
44.266768,4.913342,5.892409,-174.327827,4.865213,5.853178,-174.333736,0.259652927,0.261973049,21.629503,0.131774
44.316768,4.896427,5.890731,-174.290207,4.843646,5.851028,-174.282272,0.260613532,0.262948421,21.629503,0.131774
44.366768,4.878689,5.888957,-174.253249,4.832504,5.849911,-174.259527,0.261624879,0.263975200,21.629503,0.131774
44.416768,4.860392,5.887117,-174.216741,4.810782,5.847719,-174.216304,0.262670687,0.265036893,21.629503,0.131774
44.466768,4.836623,5.884700,-174.172303,4.786651,5.845266,-174.170816,0.264025286,0.266412159,21.629503,0.131774
44.516768,4.810313,5.882015,-174.124182,4.763829,5.842928,-174.128672,0.265523308,0.267933070,21.629503,0.131774
44.566768,4.784063,5.879304,-174.070144,4.739698,5.840437,-174.081119,0.267021406,0.269453950,21.629503,0.131774
44.616768,4.757840,5.876581,-174.013320,4.715569,5.837925,-174.028271,0.268519538,0.270974816,21.629503,0.131774
44.666768,4.737409,5.874436,-173.958567,4.691150,5.835357,-173.958429,0.269682136,0.272155175,21.629503,0.131774
44.716768,4.719739,5.872566,-173.904801,4.667787,5.832870,-173.894064,0.270684695,0.273173124,21.629503,0.131774
44.766768,4.696281,5.870075,-173.921091,4.642431,5.830165,-173.943754,0.272025749,0.274534490,21.629503,0.131774
44.816768,4.670121,5.867293,-173.970073,4.617904,5.827576,-174.009351,0.273524764,0.276056112,21.629503,0.131774
44.866768,4.644263,5.864601,-174.073275,4.593681,5.825057,-174.129204,0.275004808,0.277558525,21.629503,0.131774
44.916768,4.618547,5.861950,-174.201973,4.569443,5.822591,-174.255035,0.276475931,0.279051905,21.629503,0.131774
44.966768,4.592504,5.859346,-174.326339,4.545349,5.820192,-174.379175,0.277968711,0.280567196,21.629503,0.131774
45.016768,4.566278,5.856768,-174.448274,4.521226,5.817842,-174.483474,0.279473643,0.282094780,21.629503,0.131774
45.066768,4.545489,5.854757,-174.523354,4.496691,5.815487,-174.558438,0.280659324,0.283298509,21.629503,0.131774
45.116768,4.527668,5.853055,-174.572851,4.472498,5.813194,-174.608166,0.281670697,0.284325415,21.629503,0.131774
45.166768,4.504124,5.850829,-174.601597,4.448246,5.810909,-174.622380,0.283017260,0.285692383,21.629503,0.131774
45.216768,4.477749,5.848344,-174.620077,4.423994,5.808628,-174.628160,0.284529633,0.287227572,21.629503,0.131774
45.266768,4.451692,5.845882,-174.592000,4.400086,5.806374,-174.592913,0.286026677,0.288747117,21.629503,0.131774
45.316768,4.425780,5.843431,-174.542528,4.375541,5.804038,-174.528416,0.287516678,0.290259473,21.629503,0.131774
45.366768,4.399892,5.840937,-174.461569,4.351527,5.801723,-174.451387,0.289004722,0.291769847,21.629503,0.131774
45.416768,4.374015,5.838422,-174.365202,4.327998,5.799419,-174.356346,0.290491810,0.293279249,21.629503,0.131774
45.466768,4.347958,5.835819,-174.245339,4.302607,5.796885,-174.235778,0.291974398,0.294784475,21.629503,0.131774
45.516768,4.321806,5.833170,-174.113034,4.278442,5.794422,-174.116237,0.293454604,0.296287489,21.629503,0.131774
45.566768,4.300663,5.830983,-173.997242,4.255754,5.792060,-173.990619,0.294650760,0.297502092,21.629503,0.131774
45.616768,4.282503,5.829069,-173.891285,4.231602,5.789489,-173.845953,0.295677729,0.298544909,21.629503,0.131774
45.666768,4.258961,5.826499,-173.730782,4.206344,5.786729,-173.670770,0.297007770,0.299895505,21.629503,0.131774
45.716768,4.232874,5.823618,-173.544478,4.182034,5.783997,-173.496083,0.298481155,0.301391672,21.629503,0.131774
45.766768,4.206574,5.820590,-173.341121,4.158858,5.781317,-173.296779,0.299974040,0.302907415,21.629503,0.131774
45.816768,4.180158,5.817480,-173.128269,4.133069,5.778237,-173.095626,0.301477780,0.304434055,21.629503,0.131774
45.866768,4.159147,5.814958,-173.037854,4.108078,5.775201,-173.052654,0.302666163,0.305640734,21.629503,0.131774
45.916768,4.141086,5.812759,-173.014256,4.083458,5.772195,-173.037205,0.303682447,0.306672801,21.629503,0.131774
45.966768,4.117448,5.809876,-173.021173,4.059460,5.769268,-173.055049,0.305028968,0.308039786,21.629503,0.131774
46.016768,4.091167,5.806670,-173.042548,4.035361,5.766336,-173.073682,0.306531937,0.309565438,21.629503,0.131774
46.066768,4.065346,5.803535,-173.071338,4.011598,5.763454,-173.098953,0.308021070,0.311076698,21.629503,0.131774
46.116768,4.039739,5.800432,-173.103585,3.987019,5.760486,-173.132852,0.309503752,0.312581250,21.629503,0.131774
46.166768,4.013844,5.797323,-173.160135,3.963494,5.757665,-173.192232,0.311009129,0.314108657,21.629503,0.131774
46.216768,3.987799,5.794211,-173.229304,3.939449,5.754808,-173.260042,0.312526289,0.315647931,21.629503,0.131774
46.266768,3.962222,5.791201,-173.303007,3.915420,5.751983,-173.332192,0.314013572,0.317156957,21.629503,0.131774
46.316768,3.936863,5.788238,-173.378840,3.892055,5.749266,-173.401818,0.315486826,0.318651778,21.629503,0.131774
46.366768,3.916629,5.785897,-173.433487,3.867930,5.746487,-173.461027,0.316664234,0.319846374,21.629503,0.131774
46.416768,3.899232,5.783900,-173.476409,3.843987,5.743754,-173.517896,0.317677902,0.320874804,21.629503,0.131774
46.466768,3.876563,5.781328,-173.529600,3.820254,5.741069,-173.571753,0.319000413,0.322216528,21.629503,0.131774
46.516768,3.851301,5.778474,-173.587842,3.797623,5.738528,-173.621819,0.320474832,0.323712349,21.629503,0.131774
46.566768,3.825611,5.775598,-173.630686,3.772980,5.735781,-173.653175,0.321981898,0.325241089,21.629503,0.131774
46.616768,3.799675,5.772711,-173.664688,3.750044,5.733235,-173.677533,0.323507712,0.326788731,21.629503,0.131774
46.666768,3.773777,5.769835,-173.664096,3.725539,5.730519,-173.672436,0.325018878,0.328321826,21.629503,0.131774
46.716768,3.747897,5.766965,-173.646364,3.702179,5.727926,-173.649445,0.326522787,0.329847714,21.629503,0.131774
46.766768,3.727987,5.764742,-173.592328,3.679354,5.725377,-173.600078,0.327680331,0.331022162,21.629503,0.131774
46.816768,3.710970,5.762832,-173.520695,3.655321,5.722648,-173.413474,0.328669988,0.332026262,21.629503,0.131774
46.866768,3.687990,5.760149,-173.310421,3.632397,5.719953,-173.167666,0.330008986,0.333384716,21.629503,0.131774
46.916768,3.661831,5.757054,-173.026229,3.608237,5.717006,-172.904024,0.331534235,0.334932092,21.629503,0.131774
46.966768,3.636049,5.753807,-172.680985,3.585518,5.714120,-172.592629,0.333037975,0.336457594,21.629503,0.131774
47.016768,3.610441,5.750490,-172.307652,3.561589,5.710936,-172.225763,0.334531821,0.337973035,21.629503,0.131774
47.066768,3.584795,5.746925,-171.886260,3.537864,5.707621,-171.847818,0.336027683,0.339490473,21.629503,0.131774
47.116768,3.559131,5.743240,-171.441844,3.514046,5.704126,-171.425765,0.337524510,0.341008866,21.629503,0.131774
47.166768,3.539196,5.740214,-171.068052,3.490348,5.700464,-170.978381,0.338691381,0.342192403,21.629503,0.131774
47.216768,3.522063,5.737511,-170.728813,3.466616,5.696601,-170.493454,0.339696764,0.343212055,21.629503,0.131774
47.266768,3.499323,5.733660,-170.251070,3.443237,5.692589,-169.998942,0.341038794,0.344572863,21.629503,0.131774
47.316768,3.473961,5.729271,-169.708554,3.419665,5.688330,-169.493752,0.342538213,0.346093168,21.629503,0.131774
47.366768,3.448794,5.724579,-169.154670,3.396614,5.683956,-168.989589,0.344040678,0.347616085,21.629503,0.131774
47.416768,3.423720,5.719744,-168.595401,3.373681,5.679394,-168.476501,0.345544578,0.349140234,21.629503,0.131774
47.466768,3.398854,5.714598,-168.026240,3.350273,5.674512,-167.929244,0.347037216,0.350652810,21.629503,0.131774
47.516768,3.374084,5.709310,-167.452473,3.327566,5.669552,-167.407683,0.348524652,0.352160040,21.629503,0.131774
47.566768,3.349246,5.703655,-166.871288,3.304787,5.664356,-166.878248,0.350020293,0.353675344,21.629503,0.131774
47.616768,3.324374,5.697817,-166.286342,3.281085,5.658713,-166.302927,0.351520048,0.355194698,21.629503,0.131774
47.666768,3.305015,5.693067,-165.826441,3.258413,5.653080,-165.759537,0.352685579,0.356375419,21.629503,0.131774
47.716768,3.288445,5.688867,-165.429746,3.235222,5.647080,-165.199145,0.353682105,0.357384906,21.629503,0.131774
47.766768,3.266081,5.682892,-164.904797,3.211669,5.640736,-164.637393,0.355018206,0.358738459,21.629503,0.131774
47.816768,3.240673,5.675985,-164.312417,3.188419,5.634234,-164.094640,0.356532768,0.360272835,21.629503,0.131774
47.866768,3.215734,5.668878,-163.881316,3.165613,5.627648,-163.703488,0.358021120,0.361780475,21.629503,0.131774
47.916768,3.191022,5.661673,-163.528632,3.142042,5.620699,-163.440905,0.359496725,0.363275114,21.629503,0.131774
47.966768,3.165886,5.654188,-163.293740,3.118546,5.613664,-163.222522,0.361005294,0.364802878,21.629503,0.131774
48.016768,3.140509,5.646546,-163.125847,3.095851,5.606796,-163.114041,0.362532614,0.366349484,21.629503,0.131774
48.066768,3.121054,5.640645,-163.041335,3.072652,5.599736,-163.031246,0.363707634,0.367539216,21.629503,0.131774
48.116768,3.104505,5.635598,-162.997738,3.049884,5.592781,-163.004834,0.364709775,0.368553824,21.629503,0.131774
48.166768,3.082392,5.628847,-162.999560,3.027104,5.585821,-163.022182,0.366049570,0.369910244,21.629503,0.131774
48.216768,3.057572,5.621265,-163.023488,3.003913,5.578749,-163.060780,0.367553710,0.371433034,21.629503,0.131774
48.266768,3.032419,5.613616,-163.086592,2.980618,5.571668,-163.131674,0.369059612,0.372958024,21.629503,0.131774
48.316768,3.007106,5.605933,-163.168506,2.957242,5.564597,-163.216878,0.370566361,0.374484071,21.629503,0.131774
48.366768,2.981666,5.598282,-163.281455,2.933620,5.557498,-163.331780,0.372063198,0.376000519,21.629503,0.131774
48.416768,2.956167,5.590645,-163.408873,2.909504,5.550304,-163.452308,0.373555414,0.377512492,21.629503,0.131774
48.466768,2.930310,5.582988,-163.544650,2.885597,5.543228,-163.577743,0.375060553,0.379037816,21.629503,0.131774
48.516768,2.904274,5.575321,-163.684562,2.861711,5.536215,-163.705810,0.376572086,0.380569746,21.629503,0.131774
48.566768,2.884249,5.569477,-163.792732,2.838473,5.529450,-163.840070,0.377735099,0.381748482,21.629503,0.131774
48.616768,2.867031,5.564486,-163.886080,2.813814,5.522333,-163.958315,0.378735368,0.382762290,21.629503,0.131774
48.666768,2.843866,5.557835,-163.987558,2.790017,5.515513,-164.057482,0.380077242,0.384122465,21.629503,0.131774
48.716768,2.817900,5.550403,-164.092867,2.766259,5.508745,-164.144239,0.381580079,0.385645848,21.629503,0.131774
48.766768,2.792202,5.543107,-164.177942,2.741966,5.501861,-164.214460,0.383070491,0.387156603,21.629503,0.131774
48.816768,2.766629,5.535875,-164.253540,2.717756,5.495032,-164.284545,0.384555083,0.388661444,21.629503,0.131774
48.866768,2.740928,5.528663,-164.385312,2.693807,5.488308,-164.358447,0.386059085,0.390185706,21.629503,0.131774
48.916768,2.715159,5.521462,-164.546298,2.670366,5.481783,-164.565055,0.387573181,0.391720067,21.629503,0.131774
48.966768,2.695406,5.516027,-164.724282,2.647369,5.475485,-164.819521,0.388745042,0.392907373,21.629503,0.131774
49.016768,2.678561,5.511445,-164.910479,2.623859,5.469162,-165.085940,0.389751541,0.393926989,21.629503,0.131774
49.066768,2.656088,5.505490,-165.191365,2.600817,5.463086,-165.386441,0.391094351,0.395287349,21.629503,0.131774
49.116768,2.631029,5.498904,-165.515788,2.577615,5.457101,-165.702138,0.392591776,0.396804364,21.629503,0.131774
49.166768,2.605949,5.492532,-165.858808,2.554405,5.451252,-166.029212,0.394086420,0.398318731,21.629503,0.131774
49.216768,2.580859,5.486261,-166.210601,2.530876,5.445467,-166.363352,0.395579752,0.399831850,21.629503,0.131774
49.266768,2.555634,5.480185,-166.578865,2.507577,5.439887,-166.707200,0.397072957,0.401345121,21.629503,0.131774
49.316768,2.530343,5.474206,-166.955293,2.484042,5.434401,-167.064173,0.398566100,0.402858468,21.629503,0.131774
49.366768,2.504651,5.468365,-167.312058,2.460228,5.429006,-167.420288,0.400069430,0.404382560,21.629503,0.131774
49.416768,2.478752,5.462597,-167.658615,2.436395,5.423750,-167.717380,0.401578055,0.405912234,21.629503,0.131774
49.466768,2.458454,5.458192,-167.912169,2.412162,5.418536,-168.003475,0.402752150,0.407102971,21.629503,0.131774
49.516768,2.440940,5.454465,-168.119514,2.388139,5.413491,-168.279409,0.403760015,0.408125285,21.629503,0.131774
49.566768,2.417763,5.449682,-168.361223,2.363851,5.408503,-168.521409,0.405086311,0.409470866,21.629503,0.131774
49.616768,2.391948,5.444406,-168.618938,2.339610,5.403630,-168.758926,0.406560905,0.410966995,21.629503,0.131774
49.666768,2.365635,5.439184,-168.853906,2.315020,5.398788,-168.969843,0.408062508,0.412490648,21.629503,0.131774
49.716768,2.339048,5.433989,-169.076436,2.290594,5.394069,-169.163242,0.409578882,0.414029352,21.629503,0.131774
49.766768,2.312702,5.428959,-169.244088,2.266845,5.389556,-169.320466,0.411076924,0.415549638,21.629503,0.131774
49.816768,2.286475,5.424011,-169.384330,2.242754,5.385037,-169.427056,0.412565810,0.417060724,21.629503,0.131774
49.866768,2.265698,5.420129,-169.471480,2.217497,5.380340,-169.508663,0.413745825,0.418258343,21.629503,0.131774
49.916768,2.247845,5.416819,-169.530147,2.192976,5.375816,-169.572280,0.414760127,0.419287784,21.629503,0.131774
49.966768,2.224405,5.412497,-169.553600,2.168694,5.371347,-169.569869,0.416105037,0.420652434,21.629503,0.131774
50.016768,2.198311,5.407694,-169.560328,2.144680,5.366925,-169.560944,0.417606989,0.422176311,21.629503,0.131774
50.066768,2.172234,5.402875,-169.516251,2.120430,5.362447,-169.499210,0.419105081,0.423696338,21.629503,0.131774
50.116768,2.146164,5.398048,-169.448213,2.096057,5.357914,-169.424544,0.420601352,0.425214549,21.629503,0.131774
50.166768,2.119901,5.393124,-169.334691,2.072769,5.353546,-169.323431,0.422105248,0.426740568,21.629503,0.131774
50.216768,2.093544,5.388153,-169.199116,2.047523,5.348757,-169.180063,0.423612842,0.428270373,21.629503,0.131774
50.266768,2.067379,5.383110,-169.011585,2.023214,5.344077,-169.011945,0.425108403,0.429787966,21.629503,0.131774
50.316768,2.041303,5.378035,-168.799879,1.998904,5.339314,-168.802706,0.426598367,0.431299878,21.629503,0.131774
50.366768,2.020897,5.373981,-168.623123,1.974639,5.334465,-168.587625,0.427764766,0.432483425,21.629503,0.131774
50.416768,2.003311,5.370435,-168.463750,1.950728,5.329595,-168.379451,0.428770226,0.433503644,21.629503,0.131774
50.466768,1.980177,5.365652,-168.258336,1.926297,5.324527,-168.166302,0.430099926,0.434852639,21.629503,0.131774
50.516768,1.954402,5.360280,-168.030999,1.902006,5.319393,-167.954337,0.431584003,0.436358169,21.629503,0.131774
50.566768,1.928546,5.354745,-167.790916,1.878972,5.314433,-167.735883,0.433092806,0.437888203,21.629503,0.131774
50.616768,1.902649,5.349123,-167.544107,1.855189,5.309216,-167.512235,0.434614652,0.439431162,21.629503,0.131774
50.666768,1.877145,5.343430,-167.286904,1.831159,5.303843,-167.261025,0.436116400,0.440953590,21.629503,0.131774
50.716768,1.851824,5.337702,-167.024852,1.807704,5.298491,-167.014244,0.437608780,0.442466446,21.629503,0.131774
50.766768,1.832069,5.333139,-166.819007,1.785513,5.293328,-166.786587,0.438771848,0.443645461,21.629503,0.131774
50.816768,1.815051,5.329149,-166.640797,1.760852,5.287481,-166.519083,0.439772991,0.444660320,21.629503,0.131774
50.866768,1.792049,5.323611,-166.407376,1.736817,5.281664,-166.264953,0.441114744,0.446020675,21.629503,0.131774
50.916768,1.766114,5.317317,-166.146893,1.712789,5.275748,-166.058293,0.442623438,0.447550363,21.629503,0.131774
50.966768,1.740084,5.310849,-165.931132,1.688336,5.269636,-165.869432,0.444125620,0.449073695,21.629503,0.131774
51.016768,1.714010,5.304302,-165.736326,1.664620,5.263628,-165.696864,0.445624750,0.450594048,21.629503,0.131774
51.066768,1.688094,5.297673,-165.556256,1.639976,5.257308,-165.527207,0.447115811,0.452106154,21.629503,0.131774
51.116768,1.662252,5.291006,-165.383188,1.615874,5.251054,-165.370605,0.448603037,0.453614342,21.629503,0.131774
51.166768,1.641945,5.285706,-165.250564,1.593786,5.245261,-165.227606,0.449775279,0.454802992,21.629503,0.131774
51.216768,1.624505,5.281115,-165.138894,1.569714,5.238880,-165.074139,0.450784321,0.455826083,21.629503,0.131774
51.266768,1.601332,5.274923,-164.987072,1.545286,5.232333,-164.912936,0.452120577,0.457181016,21.629503,0.131774
51.316768,1.575395,5.267958,-164.815882,1.521021,5.225758,-164.752505,0.453614666,0.458696011,21.629503,0.131774
51.366768,1.549335,5.260850,-164.649697,1.497132,5.219212,-164.595107,0.455121432,0.460223672,21.629503,0.131774
51.416768,1.523213,5.253669,-164.486038,1.473086,5.212555,-164.452575,0.456634598,0.461757725,21.629503,0.131774
51.466768,1.497365,5.246458,-164.326659,1.449217,5.205883,-164.303451,0.458129730,0.463273498,21.629503,0.131774
51.516768,1.471646,5.239232,-164.169296,1.425167,5.199093,-164.159783,0.459616363,0.464780656,21.629503,0.131774
51.566768,1.445810,5.231876,-164.019928,1.401003,5.192207,-164.019303,0.461111347,0.466296192,21.629503,0.131774
51.616768,1.419914,5.224453,-163.874690,1.376859,5.185263,-163.884030,0.462610643,0.467816054,21.629503,0.131774
51.666768,1.399505,5.218549,-163.761716,1.353689,5.178541,-163.755158,0.463792796,0.469014384,21.629503,0.131774
51.716768,1.381972,5.213442,-163.665660,1.329091,5.171344,-163.619315,0.464808647,0.470044111,21.629503,0.131774
51.766768,1.359069,5.206690,-163.526251,1.305171,5.164282,-163.472531,0.466137479,0.471391006,21.629503,0.131774
51.816768,1.333692,5.199180,-163.366881,1.282025,5.157382,-163.320438,0.467610409,0.472883927,21.629503,0.131774
51.866768,1.307864,5.191426,-163.194876,1.257509,5.149999,-163.153118,0.469115095,0.474408842,21.629503,0.131774
51.916768,1.281787,5.183539,-163.015927,1.233610,5.142727,-162.990218,0.470637232,0.475951338,21.629503,0.131774
51.966768,1.256179,5.175690,-162.886470,1.209843,5.135421,-162.833952,0.472138806,0.477472772,21.629503,0.131774
52.016768,1.230801,5.167859,-162.781192,1.186063,5.128062,-162.779579,0.473630335,0.478983917,21.629503,0.131774
52.066768,1.210797,5.161664,-162.728946,1.162587,5.120777,-162.740446,0.474803312,0.480172366,21.629503,0.131774
52.116768,1.193590,5.156319,-162.704303,1.139129,5.113482,-162.709515,0.475810486,0.481192854,21.629503,0.131774
52.166768,1.170612,5.149166,-162.684133,1.115343,5.106075,-162.692425,0.477150951,0.482551134,21.629503,0.131774
52.216768,1.144782,5.141118,-162.666175,1.091146,5.098530,-162.672710,0.478656212,0.484076434,21.629503,0.131774
52.266768,1.118921,5.133050,-162.654524,1.068010,5.091310,-162.662700,0.480163995,0.485604267,21.629503,0.131774
52.316768,1.093044,5.124972,-162.645935,1.043858,5.083768,-162.654661,0.481673001,0.487133328,21.629503,0.131774
52.366768,1.067480,5.116989,-162.648860,1.019724,5.076229,-162.650379,0.483164066,0.488644201,21.629503,0.131774
52.416768,1.042062,5.109049,-162.657143,0.996122,5.068858,-162.666492,0.484646780,0.490146607,21.629503,0.131774
52.466768,1.016321,5.101020,-162.674141,0.972802,5.061585,-162.688917,0.486149606,0.491669367,21.629503,0.131774
52.516768,0.990412,5.092945,-162.695705,0.948102,5.053890,-162.705242,0.487662973,0.493202792,21.629503,0.131774
52.566768,0.970506,5.086748,-162.717429,0.924080,5.046414,-162.722549,0.488826011,0.494381240,21.629503,0.131774
52.616768,0.953544,5.081473,-162.739231,0.900463,5.039078,-162.767684,0.489817279,0.495385639,21.629503,0.131774
52.666768,0.930794,5.074421,-162.780862,0.876621,5.031693,-162.815479,0.491150719,0.496736659,21.629503,0.131774
52.716768,0.904933,5.066416,-162.833145,0.853050,5.024413,-162.862896,0.492667985,0.498273898,21.629503,0.131774
52.766768,0.879698,5.058645,-162.909390,0.829750,5.017243,-162.930473,0.494159786,0.499785084,21.629503,0.131774
52.816768,0.854770,5.050987,-162.997411,0.806056,5.009988,-163.037654,0.495639074,0.501283469,21.629503,0.131774
52.866768,0.829180,5.043211,-163.135097,0.782465,5.002823,-163.181503,0.497143350,0.502807526,21.629503,0.131774
52.916768,0.803218,5.035367,-163.300747,0.758659,4.995661,-163.339582,0.498661695,0.504346039,21.629503,0.131774
52.966768,0.783243,5.029392,-163.459003,0.734911,4.988588,-163.498650,0.499837142,0.505536961,21.629503,0.131774
53.016768,0.766336,5.024374,-163.613472,0.712367,4.981971,-163.841145,0.500836953,0.506549845,21.629503,0.131774
53.066768,0.744279,5.018037,-164.004176,0.689086,4.975315,-164.323517,0.502172956,0.507902664,21.629503,0.131774
53.116768,0.719549,5.011015,-164.517481,0.666742,4.969129,-164.813887,0.503683414,0.509431879,21.629503,0.131774
53.166768,0.695057,5.004394,-165.082149,0.644455,4.963166,-165.351001,0.505193804,0.510960818,21.629503,0.131774
53.216768,0.670683,4.997971,-165.672148,0.621543,4.957260,-165.928190,0.506704161,0.512489620,21.629503,0.131774
53.266768,0.646531,4.991987,-166.292469,0.599209,4.951746,-166.513984,0.508204032,0.514007855,21.629503,0.131774
53.316768,0.622483,4.986208,-166.926980,0.577180,4.946552,-167.101792,0.509699012,0.515521161,21.629503,0.131774
53.366768,0.598392,4.980799,-167.559112,0.554938,4.941547,-167.715998,0.511200571,0.517041158,21.629503,0.131774
53.416768,0.574281,4.975568,-168.190140,0.532530,4.936776,-168.289594,0.512705318,0.518564397,21.629503,0.131774
53.466768,0.555739,4.971750,-168.660786,0.512398,4.932690,-168.792628,0.513856002,0.519729422,21.629503,0.131774
53.516768,0.539834,4.968601,-169.055551,0.492942,4.928915,-169.272548,0.514839112,0.520724907,21.629503,0.131774
53.566768,0.523581,4.965529,-169.449545,0.476356,4.925826,-169.676439,0.515841386,0.521739899,21.629503,0.131774
53.616768,0.507133,4.962501,-169.843124,0.452824,4.921655,-170.231173,0.516854285,0.522765705,21.629503,0.131774
53.666768,0.484872,4.958698,-170.347885,0.431282,4.918034,-170.710580,0.518196818,0.524126077,21.629503,0.131774
53.716768,0.459719,4.954511,-170.907952,0.407727,4.914283,-171.223746,0.519703249,0.525652799,21.629503,0.131774
53.766768,0.434207,4.950591,-171.428798,0.384872,4.910846,-171.687870,0.521205503,0.527176029,21.629503,0.131774
53.816768,0.408523,4.946800,-171.930845,0.360452,4.907373,-172.137713,0.522705753,0.528697583,21.629503,0.131774
53.866768,0.382399,4.943240,-172.373246,0.336232,4.904116,-172.549543,0.524205019,0.530218936,21.629503,0.131774
53.916768,0.356065,4.939789,-172.786993,0.311616,4.900975,-172.908907,0.525703812,0.531740193,21.629503,0.131774
53.966768,0.329548,4.936552,-173.134225,0.288174,4.898120,-173.228411,0.527209766,0.533268931,21.629503,0.131774
54.016768,0.302942,4.933417,-173.449177,0.262532,4.895150,-173.537391,0.528719197,0.534801301,21.629503,0.131774
54.066768,0.282738,4.931084,-173.486940,0.238780,4.892462,-173.507571,0.529876688,0.535976113,21.629503,0.131774
54.116768,0.265476,4.929120,-173.397394,0.214568,4.889672,-173.305011,0.530872536,0.536986701,21.629503,0.131774
54.166768,0.242795,4.926399,-173.098862,0.192533,4.887030,-172.975487,0.532214377,0.538347499,21.629503,0.131774
54.216768,0.217522,4.923315,-172.700399,0.168386,4.883970,-172.562476,0.533721652,0.539875748,21.629503,0.131774
54.266768,0.192862,4.920028,-172.161936,0.145577,4.880900,-172.062354,0.535223515,0.541397648,21.629503,0.131774
54.316768,0.168481,4.916647,-171.559286,0.122970,4.877634,-171.439870,0.536722899,0.542916640,21.629503,0.131774
54.366768,0.144574,4.912935,-170.850805,0.100991,4.874209,-170.805919,0.538221928,0.544434465,21.629503,0.131774
54.416768,0.120885,4.909070,-170.093457,0.078894,4.870501,-170.076932,0.539720793,0.545951751,21.629503,0.131774
54.466768,0.102693,4.905860,-169.483924,0.057049,4.866539,-169.341787,0.540876387,0.547121358,21.629503,0.131774
54.516768,0.087062,4.902956,-168.943183,0.036126,4.862468,-168.604832,0.541872093,0.548129025,21.629503,0.131774
54.566768,0.066110,4.898648,-168.168123,0.013647,4.857775,-167.773273,0.543214118,0.549486870,21.629503,0.131774
54.616768,0.042569,4.893657,-167.279006,-0.007861,4.852966,-166.972839,0.544724582,0.551015032,21.629503,0.131774
54.666768,0.019022,4.888143,-166.388479,-0.029478,4.847807,-166.127823,0.546222135,0.552530215,21.629503,0.131774
54.716768,-0.004526,4.882388,-165.497167,-0.051548,4.842190,-165.284525,0.547713768,0.554039447,21.629503,0.131774
54.766768,-0.028256,4.876041,-164.597665,-0.073274,4.836325,-164.452448,0.549216883,0.555560083,21.629503,0.131774
54.816768,-0.052074,4.869405,-163.694040,-0.095341,4.830016,-163.598060,0.550725577,0.557086260,21.629503,0.131774
54.866768,-0.075770,4.862251,-162.817914,-0.116842,4.823531,-162.777107,0.552218995,0.558596903,21.629503,0.131774
54.916768,-0.099410,4.854854,-161.954430,-0.139222,4.816421,-161.954948,0.553705316,0.560100327,21.629503,0.131774
54.966768,-0.118251,4.848669,-161.345526,-0.160734,4.809268,-161.237432,0.554877227,0.561285848,21.629503,0.131774
55.016768,-0.134643,4.843102,-160.866509,-0.184564,4.801031,-160.598938,0.555888636,0.562309083,21.629503,0.131774
55.066768,-0.156620,4.835303,-160.353515,-0.207061,4.793004,-160.102730,0.557231940,0.563668185,21.629503,0.131774
55.116768,-0.181204,4.826461,-159.824641,-0.230389,4.784456,-159.628861,0.558730107,0.565184003,21.629503,0.131774
55.166768,-0.206113,4.817192,-159.382709,-0.251800,4.776433,-159.277972,0.560234839,0.566706563,21.629503,0.131774
55.216768,-0.231178,4.807718,-158.982397,-0.276186,4.767120,-158.906075,0.561742714,0.568232352,21.629503,0.131774
55.266768,-0.256078,4.798045,-158.614854,-0.299306,4.758125,-158.559117,0.563237133,0.569744450,21.629503,0.131774
55.316768,-0.280902,4.788280,-158.262517,-0.322979,4.748753,-158.228981,0.564725303,0.571250192,21.629503,0.131774
55.366768,-0.299225,4.780960,-158.016222,-0.345904,4.739528,-157.918359,0.565825364,0.572363136,21.629503,0.131774
55.416768,-0.314240,4.774883,-157.823860,-0.366777,4.731006,-157.655041,0.566728016,0.573276286,21.629503,0.131774
55.466768,-0.330117,4.768393,-157.630250,-0.376978,4.726804,-157.536966,0.567683954,0.574243271,21.629503,0.131774
55.516768,-0.347078,4.761381,-157.435062,-0.391719,4.720685,-157.366622,0.568707084,0.575278137,21.629503,0.131774
55.566768,-0.369021,4.752186,-157.194324,-0.413946,4.711360,-157.110974,0.570032977,0.576619101,21.629503,0.131774
55.616768,-0.396293,4.740654,-156.904833,-0.437357,4.701419,-156.865051,0.571682893,0.578287658,21.629503,0.131774
55.666768,-0.416433,4.732043,-156.702664,-0.459770,4.691796,-156.651143,0.572903058,0.579521506,21.629503,0.131774
55.716768,-0.432905,4.724934,-156.545393,-0.480257,4.682912,-156.452611,0.573902247,0.580531829,21.629503,0.131774
55.766768,-0.454906,4.715313,-156.354040,-0.499792,4.674365,-156.282382,0.575240449,0.581884772,21.629503,0.131774
55.816768,-0.479835,4.704363,-156.144641,-0.523633,4.663844,-156.089988,0.576758154,0.583419127,21.629503,0.131774
55.866768,-0.504597,4.693349,-155.930980,-0.546794,4.653538,-155.920185,0.578271345,0.584948699,21.629503,0.131774
55.916768,-0.529279,4.682302,-155.715239,-0.569866,4.643181,-155.706944,0.579782334,0.586475938,21.629503,0.131774
55.966768,-0.548226,4.673733,-155.530000,-0.591559,4.633340,-155.482006,0.580943828,0.587649817,21.629503,0.131774
56.016768,-0.564492,4.666321,-155.359025,-0.614999,4.622589,-155.236685,0.581941872,0.588658439,21.629503,0.131774
56.066768,-0.586343,4.656227,-155.173881,-0.637967,4.611951,-155.054042,0.583284107,0.590014773,21.629503,0.131774
56.116768,-0.610921,4.644822,-154.981818,-0.660731,4.601325,-154.894324,0.584794387,0.591540869,21.629503,0.131774
56.166768,-0.635348,4.633376,-154.830296,-0.682950,4.590886,-154.772162,0.586298254,0.593060336,21.629503,0.131774
56.216768,-0.659703,4.621911,-154.697858,-0.705508,4.580230,-154.653880,0.587799102,0.594576682,21.629503,0.131774
56.266768,-0.684103,4.610346,-154.598769,-0.727876,4.569613,-154.565133,0.589304664,0.596097685,21.629503,0.131774
56.316768,-0.708526,4.598732,-154.515718,-0.750885,4.558655,-154.497637,0.590812494,0.597620928,21.629503,0.131774
56.366768,-0.732872,4.587104,-154.447997,-0.773295,4.547950,-154.435475,0.592317017,0.599140757,21.629503,0.131774
56.416768,-0.757182,4.575471,-154.387498,-0.794339,4.537871,-154.383167,0.593819984,0.600658978,21.629503,0.131774
56.466768,-0.776002,4.566443,-154.342832,-0.818518,4.526266,-154.331438,0.594984068,0.601834845,21.629503,0.131774
56.516768,-0.792210,4.558654,-154.305695,-0.840961,4.515468,-154.269202,0.595987004,0.602847911,21.629503,0.131774
56.566768,-0.813515,4.548364,-154.211034,-0.863314,4.504671,-154.159802,0.597306534,0.604180702,21.629503,0.131774
56.616768,-0.837243,4.536884,-154.088999,-0.884797,4.494240,-154.036247,0.598776730,0.605665646,21.629503,0.131774
56.666768,-0.861433,4.525086,-153.938117,-0.905994,4.483889,-153.898260,0.600277330,0.607181188,21.629503,0.131774
56.716768,-0.885892,4.513101,-153.770350,-0.927297,4.473420,-153.746384,0.601795727,0.608714640,21.629503,0.131774
56.766768,-0.905120,4.503608,-153.630615,-0.949414,4.462472,-153.574954,0.602990981,0.609921663,21.629503,0.131774
56.816768,-0.921518,4.495465,-153.506050,-0.971093,4.451661,-153.412993,0.604011352,0.610952027,21.629503,0.131774
56.866768,-0.942958,4.484709,-153.330382,-0.992740,4.440789,-153.235905,0.605348295,0.612301920,21.629503,0.131774
56.916768,-0.966744,4.472738,-153.130942,-1.015081,4.429476,-153.039316,0.606832482,0.613800435,21.629503,0.131774
56.966768,-0.990907,4.460430,-152.932098,-1.037261,4.418151,-152.852680,0.608344465,0.615326825,21.629503,0.131774
57.016768,-1.015269,4.447946,-152.733565,-1.058490,4.407227,-152.684915,0.609871112,0.616867920,21.629503,0.131774
57.066768,-1.039130,4.435595,-152.578525,-1.081987,4.395046,-152.511334,0.611369483,0.618380312,21.629503,0.131774
57.116768,-1.062758,4.423305,-152.443671,-1.103932,4.383604,-152.412036,0.612854729,0.619879380,21.629503,0.131774
57.166768,-1.081445,4.413542,-152.361308,-1.125891,4.372110,-152.323834,0.614030826,0.621066358,21.629503,0.131774
57.216768,-1.097542,4.405104,-152.306446,-1.147884,4.360561,-152.275693,0.615044956,0.622089828,21.629503,0.131774
57.266768,-1.118672,4.394006,-152.283784,-1.170384,4.348734,-152.270726,0.616376307,0.623433409,21.629503,0.131774
57.316768,-1.142200,4.381639,-152.276469,-1.192264,4.337234,-152.275771,0.617858839,0.624929546,21.629503,0.131774
57.366768,-1.166121,4.369074,-152.291716,-1.213023,4.326327,-152.295991,0.619365629,0.626450169,21.629503,0.131774
57.416768,-1.190258,4.356399,-152.319294,-1.235722,4.314416,-152.329758,0.620885677,0.627984173,21.629503,0.131774
57.466768,-1.214363,4.343774,-152.378069,-1.258693,4.302383,-152.383247,0.622402774,0.629515235,21.629503,0.131774
57.516768,-1.238454,4.331175,-152.452482,-1.280665,4.290907,-152.467396,0.623918391,0.631044821,21.629503,0.131774
57.566768,-1.256680,4.321677,-152.521736,-1.303027,4.279272,-152.558767,0.625064448,0.632201476,21.629503,0.131774
57.616768,-1.272145,4.313640,-152.588561,-1.324948,4.267913,-152.659609,0.626036469,0.633182507,21.629503,0.131774
57.666768,-1.293196,4.302757,-152.674787,-1.344886,4.257621,-152.737270,0.627358401,0.634516756,21.629503,0.131774
57.716768,-1.317743,4.290094,-152.773147,-1.366652,4.246424,-152.822307,0.628899209,0.636071950,21.629503,0.131774
57.766768,-1.341779,4.277757,-152.862936,-1.390204,4.234352,-152.907068,0.630407483,0.637594363,21.629503,0.131774
57.816768,-1.365553,4.265586,-152.948340,-1.412916,4.222753,-152.988579,0.631899111,0.639100004,21.629503,0.131774
57.866768,-1.389714,4.253274,-153.025094,-1.434846,4.211590,-153.058532,0.633412661,0.640627856,21.629503,0.131774
57.916768,-1.414091,4.240884,-153.097059,-1.457311,4.200187,-153.118341,0.634938351,0.642168011,21.629503,0.131774
57.966768,-1.437785,4.228883,-153.163580,-1.479408,4.188998,-153.174178,0.636419311,0.643663085,21.629503,0.131774
58.016768,-1.461146,4.217075,-153.227427,-1.500447,4.178373,-153.236226,0.637878308,0.645136024,21.629503,0.131774
58.066768,-1.480287,4.207424,-153.289817,-1.516804,4.170131,-153.280882,0.639074246,0.646343405,21.629503,0.131774
58.116768,-1.496703,4.199167,-153.351266,-1.534743,4.161110,-153.340629,0.640100355,0.647379342,21.629503,0.131774
58.166768,-1.512924,4.191072,-153.536641,-1.553111,4.151925,-153.564324,0.641120901,0.648409604,21.629503,0.131774
58.216768,-1.529040,4.183064,-153.788103,-1.574701,4.141269,-153.928182,0.642138479,0.649436840,21.629503,0.131774
58.266768,-1.550370,4.172703,-154.146429,-1.597198,4.130344,-154.294776,0.643486995,0.650798281,21.629503,0.131774
58.316768,-1.574146,4.161237,-154.554915,-1.619156,4.119862,-154.691041,0.644990818,0.652316564,21.629503,0.131774
58.366768,-1.597824,4.150125,-155.027562,-1.640643,4.109795,-155.127588,0.646487106,0.653827485,21.629503,0.131774
58.416768,-1.621454,4.139180,-155.530453,-1.662898,4.099578,-155.620317,0.647979845,0.655334937,21.629503,0.131774
58.466768,-1.639991,4.130797,-155.944106,-1.684496,4.089890,-156.120814,0.649149550,0.656516329,21.629503,0.131774
58.516768,-1.655957,4.123707,-156.312737,-1.706496,4.080244,-156.638796,0.650156213,0.657533152,21.629503,0.131774
58.566768,-1.677427,4.114487,-156.828586,-1.726984,4.071489,-157.142615,0.651501878,0.658892763,21.629503,0.131774
58.616768,-1.701575,4.104231,-157.416061,-1.749138,4.062258,-157.695446,0.653012419,0.660419089,21.629503,0.131774
58.666768,-1.725968,4.094291,-158.026221,-1.771640,4.053147,-158.278068,0.654518408,0.661941466,21.629503,0.131774
58.716768,-1.750474,4.084498,-158.646998,-1.795447,4.043751,-158.879312,0.656022275,0.663462002,21.629503,0.131774
58.766768,-1.775219,4.075032,-159.261518,-1.818078,4.035088,-159.443737,0.657525771,0.664982745,21.629503,0.131774
58.816768,-1.800075,4.065716,-159.873178,-1.840430,4.026805,-159.991882,0.659029095,0.666503584,21.629503,0.131774
58.866768,-1.819349,4.058720,-160.338319,-1.864361,4.018213,-160.569711,0.660184552,0.667672873,21.629503,0.131774
58.916768,-1.836037,4.052798,-160.735611,-1.888129,4.009946,-161.129987,0.661178863,0.668679310,21.629503,0.131774
58.966768,-1.858646,4.045107,-161.267394,-1.911221,4.002128,-161.671324,0.662521061,0.670038205,21.629503,0.131774
59.016768,-1.884194,4.036539,-161.865949,-1.933589,3.994804,-162.196304,0.664035905,0.671572015,21.629503,0.131774
59.066768,-1.909435,4.028462,-162.446576,-1.955502,3.987840,-162.695853,0.665518629,0.673073866,21.629503,0.131774
59.116768,-1.934535,4.020611,-163.018987,-1.979842,3.980338,-163.256140,0.666986562,0.674560999,21.629503,0.131774
59.166768,-1.954766,4.014489,-163.441915,-1.994030,3.976092,-163.563866,0.668167767,0.675757822,21.629503,0.131774
59.216768,-1.972236,4.009348,-163.780054,-2.011911,3.970870,-163.889107,0.669186289,0.676789931,21.629503,0.131774
59.266768,-1.989363,4.004428,-164.053587,-2.026384,3.966718,-164.116439,0.670186292,0.677803316,21.629503,0.131774
59.316768,-2.006322,3.999617,-164.295564,-2.043362,3.961924,-164.348245,0.671177249,0.678807554,21.629503,0.131774
59.366768,-2.023587,3.994816,-164.523682,-2.064883,3.955949,-164.632279,0.672184535,0.679828430,21.629503,0.131774
59.416768,-2.041014,3.990021,-164.744377,-2.085179,3.950416,-164.870911,0.673200569,0.680858222,21.629503,0.131774
59.466768,-2.063984,3.983849,-164.964739,-2.109892,3.943786,-165.097712,0.674531287,0.682207247,21.629503,0.131774
59.516768,-2.089557,3.977030,-165.184947,-2.132587,3.937782,-165.271350,0.676009789,0.683706191,21.629503,0.131774
59.566768,-2.115667,3.970184,-165.348070,-2.155285,3.931846,-165.429266,0.677520458,0.685237797,21.629503,0.131774
59.616768,-2.142068,3.963324,-165.480342,-2.179659,3.925537,-165.528324,0.679048511,0.686787056,21.629503,0.131774
59.666768,-2.162068,3.958151,-165.523192,-2.201893,3.919803,-165.549462,0.680214146,0.687968687,21.629503,0.131774
59.716768,-2.179108,3.953759,-165.524702,-2.226464,3.913469,-165.521316,0.681212234,0.688980364,21.629503,0.131774
59.766768,-2.202001,3.947827,-165.458032,-2.248971,3.907643,-165.439967,0.682553808,0.690340171,21.629503,0.131774
59.816768,-2.227672,3.941165,-165.358986,-2.271009,3.901899,-165.341572,0.684058481,0.691865283,21.629503,0.131774
59.866768,-2.247316,3.936019,-165.239106,-2.289393,3.897073,-165.219073,0.685207301,0.693029749,21.629503,0.131774
59.916768,-2.264152,3.931580,-165.109522,-2.305162,3.892894,-165.086519,0.686190402,0.694026263,21.629503,0.131774
59.966768,-2.281458,3.926955,-164.956623,-2.321959,3.888400,-164.937461,0.687197523,0.695047183,21.629503,0.131774
60.016768,-2.299021,3.922228,-164.790935,-2.345466,3.882027,-164.712074,0.688217820,0.696081489,21.629503,0.131774
60.066768,-2.322122,3.915867,-164.560408,-2.367505,3.875959,-164.477909,0.689558167,0.697440224,21.629503,0.131774
60.116768,-2.347787,3.908751,-164.299849,-2.392406,3.868986,-164.240468,0.691046739,0.698949213,21.629503,0.131774
60.166768,-2.373486,3.901472,-164.076143,-2.416552,3.862127,-164.034067,0.692535554,0.700458431,21.629503,0.131774
60.216768,-2.399202,3.894112,-163.870933,-2.439763,3.855449,-163.852002,0.694024490,0.701967763,21.629503,0.131774
60.266768,-2.419594,3.888206,-163.725198,-2.464265,3.848315,-163.678420,0.695206453,0.703165858,21.629503,0.131774
60.316768,-2.437102,3.883089,-163.611697,-2.488822,3.841092,-163.538316,0.696222031,0.704195256,21.629503,0.131774
60.366768,-2.460253,3.876241,-163.484499,-2.512774,3.833987,-163.414015,0.697570545,0.705561948,21.629503,0.131774
60.416768,-2.486102,3.868566,-163.350756,-2.536526,3.826888,-163.299713,0.699078122,0.707089784,21.629503,0.131774
60.466768,-2.511785,3.860858,-163.229466,-2.560206,3.819760,-163.191689,0.700582218,0.708613897,21.629503,0.131774
60.516768,-2.537392,3.853136,-163.113922,-2.583520,3.812696,-163.090588,0.702084706,0.710136292,21.629503,0.131774
60.566768,-2.562923,3.845364,-163.016646,-2.607496,3.805387,-162.997571,0.703584778,0.711656145,21.629503,0.131774
60.616768,-2.588421,3.837569,-162.927776,-2.631255,3.798104,-162.919756,0.705083738,0.713174828,21.629503,0.131774
60.666768,-2.614115,3.829663,-162.853108,-2.655015,3.790789,-162.853219,0.706586667,0.714697680,21.629503,0.131774
60.716768,-2.639900,3.821705,-162.785100,-2.678289,3.783596,-162.793087,0.708091459,0.716222486,21.629503,0.131774
60.766768,-2.659710,3.815564,-162.727743,-2.702466,3.776093,-162.720144,0.709246496,0.717392898,21.629503,0.131774
60.816768,-2.676764,3.810260,-162.675298,-2.722453,3.769864,-162.657075,0.710240235,0.718399871,21.629503,0.131774
60.866768,-2.699708,3.803077,-162.590979,-2.747415,3.762047,-162.562083,0.711582378,0.719759741,21.629503,0.131774
60.916768,-2.725567,3.794963,-162.490885,-2.771683,3.754404,-162.466608,0.713096961,0.721294273,21.629503,0.131774
60.966768,-2.751214,3.786832,-162.351689,-2.795612,3.746811,-162.320547,0.714600404,0.722817437,21.629503,0.131774
61.016768,-2.776763,3.778693,-162.194541,-2.819317,3.739224,-162.172746,0.716098732,0.724335381,21.629503,0.131774
61.066768,-2.802204,3.770479,-162.036103,-2.843232,3.731499,-162.018528,0.717591688,0.725847803,21.629503,0.131774
61.116768,-2.827594,3.762231,-161.877057,-2.866747,3.723835,-161.872528,0.719082118,0.727357629,21.629503,0.131774
61.166768,-2.847505,3.755711,-161.770858,-2.890406,3.716063,-161.751150,0.720254695,0.728545346,21.629503,0.131774
61.216768,-2.864647,3.750063,-161.691369,-2.913849,3.708311,-161.659984,0.721266607,0.729570249,21.629503,0.131774
61.266768,-2.887549,3.742470,-161.631229,-2.937613,3.700422,-161.610864,0.722613094,0.730934115,21.629503,0.131774
61.316768,-2.913102,3.733981,-161.579997,-2.961202,3.692571,-161.570824,0.724113637,0.732454059,21.629503,0.131774
61.366768,-2.938689,3.725458,-161.551205,-2.984827,3.684695,-161.554092,0.725616942,0.733976766,21.629503,0.131774
61.416768,-2.964292,3.716919,-161.532865,-3.008244,3.676880,-161.536183,0.727121533,0.735500761,21.629503,0.131774
61.466768,-2.989817,3.708394,-161.516810,-3.032415,3.668807,-161.523102,0.728622456,0.737021011,21.629503,0.131774
61.516768,-3.015306,3.699875,-161.501806,-3.055863,3.660968,-161.506074,0.730121694,0.738539540,21.629503,0.131774
61.566768,-3.040791,3.691349,-161.490880,-3.079512,3.653055,-161.494191,0.731621677,0.740058793,21.629503,0.131774
61.616768,-3.066275,3.682819,-161.481865,-3.103049,3.645176,-161.489182,0.733122010,0.741578385,21.629503,0.131774
61.666768,-3.085972,3.676222,-161.473241,-3.126745,3.637239,-161.472671,0.734281585,0.742752844,21.629503,0.131774
61.716768,-3.102922,3.670542,-161.464802,-3.150465,3.629288,-161.463416,0.735279410,0.743763475,21.629503,0.131774
61.766768,-3.125094,3.663103,-161.445383,-3.173568,3.621538,-161.442089,0.736595954,0.745096646,21.629503,0.131774
61.816768,-3.149831,3.654800,-161.420567,-3.196065,3.613979,-161.414095,0.738069126,0.746588321,21.629503,0.131774
61.866768,-3.175381,3.646207,-161.396461,-3.219758,3.606007,-161.389915,0.739585440,0.748123783,21.629503,0.131774
61.916768,-3.201408,3.637444,-161.372770,-3.243775,3.597915,-161.369867,0.741127002,0.749684868,21.629503,0.131774
61.966768,-3.226954,3.628829,-161.356523,-3.267712,3.589841,-161.351370,0.742635450,0.751212518,21.629503,0.131774
62.016768,-3.252276,3.620284,-161.343753,-3.290515,3.582144,-161.345048,0.744128429,0.752724549,21.629503,0.131774
62.066768,-3.272147,3.613573,-161.322729,-3.315064,3.573853,-161.331391,0.745298233,0.753909319,21.629503,0.131774
62.116768,-3.289320,3.607770,-161.297619,-3.338508,3.565919,-161.262147,0.746308066,0.754932096,21.629503,0.131774
62.166768,-3.312155,3.600014,-161.244386,-3.362105,3.557894,-161.184810,0.747651760,0.756292974,21.629503,0.131774
62.216768,-3.337592,3.591361,-161.178225,-3.385295,3.549987,-161.159326,0.749148912,0.757809260,21.629503,0.131774
62.266768,-3.363133,3.582659,-161.176599,-3.409387,3.541767,-161.175565,0.750653499,0.759333040,21.629503,0.131774
62.316768,-3.388724,3.573935,-161.205629,-3.433083,3.533700,-161.221478,0.752161616,0.760860381,21.629503,0.131774
62.366768,-3.414285,3.565257,-161.262302,-3.456781,3.525653,-161.275593,0.753665181,0.762383191,21.629503,0.131774
62.416768,-3.439831,3.556601,-161.331665,-3.480457,3.517644,-161.348380,0.755166655,0.763903921,21.629503,0.131774
62.466768,-3.465332,3.548013,-161.418104,-3.504099,3.509679,-161.420985,0.756664201,0.765420734,21.629503,0.131774
62.516768,-3.490813,3.539457,-161.512432,-3.527696,3.501767,-161.513850,0.758159931,0.766935736,21.629503,0.131774
62.566768,-3.504747,3.534794,-161.571052,-3.547852,3.495047,-161.612269,0.758977562,0.767763918,21.629503,0.131774
62.616768,-3.513121,3.532007,-161.612478,-3.559335,3.491235,-161.669109,0.759468703,0.768261410,21.629503,0.131774
62.666768,-3.532852,3.525493,-161.718244,-3.576855,3.485445,-161.759532,0.760627335,0.769435025,21.629503,0.131774
62.716768,-3.559093,3.516845,-161.860893,-3.600790,3.477588,-161.899252,0.762168608,0.770996229,21.629503,0.131774
62.766768,-3.584937,3.508440,-162.029893,-3.624362,3.469918,-162.064568,0.763682557,0.772529906,21.629503,0.131774
62.816768,-3.610599,3.500146,-162.210952,-3.648176,3.462247,-162.232442,0.765184004,0.774050989,21.629503,0.131774
62.866768,-3.630365,3.493822,-162.343007,-3.671590,3.454779,-162.390759,0.766338943,0.775221105,21.629503,0.131774
62.916768,-3.647419,3.488405,-162.452523,-3.695881,3.447103,-162.536486,0.767334499,0.776229788,21.629503,0.131774
62.966768,-3.670383,3.481196,-162.584724,-3.719412,3.439727,-162.665002,0.768674175,0.777587198,21.629503,0.131774
63.016768,-3.696219,3.473116,-162.727947,-3.743380,3.432275,-162.797936,0.770181037,0.779114033,21.629503,0.131774
63.066768,-3.722084,3.465119,-162.864266,-3.767386,3.424870,-162.923872,0.771687522,0.780640589,21.629503,0.131774
63.116768,-3.747962,3.457161,-162.997325,-3.791352,3.417535,-163.043982,0.773193830,0.782167014,21.629503,0.131774
63.166768,-3.773594,3.449367,-163.118410,-3.814747,3.410429,-163.166007,0.774685459,0.783678623,21.629503,0.131774
63.216768,-3.799114,3.441647,-163.233984,-3.838767,3.403184,-163.264288,0.776170333,0.785183414,21.629503,0.131774
63.266768,-3.819125,3.435627,-163.302348,-3.861331,3.396414,-163.333244,0.777334839,0.786363558,21.629503,0.131774
63.316768,-3.836320,3.430476,-163.346572,-3.886402,3.388919,-163.373024,0.778335532,0.787377699,21.629503,0.131774
63.366768,-3.859423,3.423568,-163.351331,-3.910435,3.381741,-163.359062,0.779679715,0.788739964,21.629503,0.131774
63.416768,-3.885564,3.415757,-163.335795,-3.934329,3.374592,-163.325615,0.781200549,0.790281263,21.629503,0.131774
63.466768,-3.911381,3.408011,-163.278691,-3.958149,3.367446,-163.263318,0.782701105,0.791802036,21.629503,0.131774
63.516768,-3.937051,3.400297,-163.202487,-3.982562,3.360086,-163.178890,0.784192343,0.793313378,21.629503,0.131774
63.566768,-3.962795,3.392497,-163.094373,-4.005572,3.353111,-163.086350,0.785696253,0.794837332,21.629503,0.131774
63.616768,-3.988576,3.384655,-162.970590,-4.029985,3.345659,-162.953544,0.787206385,0.796367480,21.629503,0.131774
63.666768,-4.014319,3.376726,-162.821642,-4.053630,3.338380,-162.816794,0.788712709,0.797893757,21.629503,0.131774
63.716768,-4.040045,3.368757,-162.660929,-4.077612,3.330929,-162.660304,0.790217253,0.799418225,21.629503,0.131774
63.766768,-4.059852,3.362561,-162.535747,-4.101407,3.323467,-162.509808,0.791376457,0.800592730,21.629503,0.131774
63.816768,-4.076934,3.357183,-162.426930,-4.125121,3.315961,-162.354890,0.792376604,0.801606047,21.629503,0.131774
63.866768,-4.099890,3.349862,-162.284965,-4.148258,3.308572,-162.213410,0.793720319,0.802967419,21.629503,0.131774
63.916768,-4.125584,3.341635,-162.127547,-4.172333,3.300816,-162.068019,0.795224189,0.804491036,21.629503,0.131774
63.966768,-4.151259,3.333319,-161.997835,-4.196014,3.293126,-161.949511,0.796727631,0.806014152,21.629503,0.131774
64.016768,-4.176925,3.324963,-161.880908,-4.219783,3.285358,-161.854142,0.798230876,0.807537035,21.629503,0.131774
64.066768,-4.202453,3.316586,-161.791412,-4.243361,3.277613,-161.774275,0.799728681,0.809054308,21.629503,0.131774
64.116768,-4.227919,3.308199,-161.714503,-4.266757,3.269896,-161.710771,0.801223990,0.810569007,21.629503,0.131774
64.166768,-4.253550,3.299713,-161.655756,-4.290784,3.261939,-161.643878,0.802728458,0.812092968,21.629503,0.131774
64.216768,-4.279262,3.291178,-161.605712,-4.314823,3.253952,-161.601405,0.804237314,0.813621367,21.629503,0.131774
64.266768,-4.299009,3.284613,-161.590348,-4.338211,3.246171,-161.595934,0.805398996,0.814798022,21.629503,0.131774
64.316768,-4.316008,3.278957,-161.590961,-4.361800,3.238322,-161.596304,0.806400748,0.815812642,21.629503,0.131774
64.366768,-4.338683,3.271421,-161.613660,-4.384103,3.230908,-161.626860,0.807741749,0.817170755,21.629503,0.131774
64.416768,-4.363969,3.263021,-161.646520,-4.408561,3.222792,-161.662998,0.809238798,0.818686869,21.629503,0.131774
64.466768,-4.389255,3.254648,-161.693350,-4.432237,3.214955,-161.708378,0.810731907,0.820199090,21.629503,0.131774
64.516768,-4.414541,3.246289,-161.746821,-4.456142,3.207064,-161.762774,0.812223143,0.821709460,21.629503,0.131774
64.566768,-4.440203,3.237851,-161.822000,-4.479466,3.199393,-161.829877,0.813733103,0.823238894,21.629503,0.131774
64.616768,-4.466056,3.229374,-161.908218,-4.503614,3.191485,-161.914670,0.815252583,0.824778021,21.629503,0.131774
64.666768,-4.485841,3.222922,-161.984348,-4.527144,3.183822,-162.012732,0.816413778,0.825954289,21.629503,0.131774
64.716768,-4.502841,3.217399,-162.055850,-4.550981,3.176106,-162.118959,0.817410573,0.826964057,21.629503,0.131774
64.766768,-4.525735,3.210032,-162.171868,-4.574224,3.168632,-162.241306,0.818753299,0.828324287,21.629503,0.131774
64.816768,-4.551454,3.201781,-162.309226,-4.598198,3.160985,-162.373562,0.820261868,0.829852532,21.629503,0.131774
64.866768,-4.577143,3.193625,-162.433500,-4.621978,3.153452,-162.475241,0.821765552,0.831375951,21.629503,0.131774
64.916768,-4.602819,3.185512,-162.551738,-4.645809,3.145952,-162.592793,0.823266983,0.832897144,21.629503,0.131774
64.966768,-4.628458,3.177496,-162.673929,-4.668808,3.138765,-162.708988,0.824767612,0.834417540,21.629503,0.131774
65.016768,-4.654081,3.169524,-162.797954,-4.693282,3.131173,-162.824068,0.826267869,0.835937565,21.629503,0.131774
65.066768,-4.673928,3.163392,-162.886181,-4.717108,3.123832,-162.928203,0.827427939,0.837112993,21.629503,0.131774
65.116768,-4.691067,3.158123,-162.957621,-4.740909,3.116543,-163.019719,0.828428487,0.838126830,21.629503,0.131774
65.166768,-4.714102,3.151096,-163.043720,-4.764761,3.109278,-163.105931,0.829770231,0.839486500,21.629503,0.131774
65.216768,-4.739925,3.143239,-163.136747,-4.788824,3.101988,-163.190237,0.831273224,0.841009611,21.629503,0.131774
65.266768,-4.765529,3.135518,-163.251603,-4.812405,3.094890,-163.309196,0.832764943,0.842521304,21.629503,0.131774
65.316768,-4.791030,3.127862,-163.376718,-4.836337,3.087742,-163.433966,0.834251363,0.844027630,21.629503,0.131774
65.366768,-4.816750,3.120234,-163.529767,-4.859966,3.080744,-163.584929,0.835757813,0.845554131,21.629503,0.131774
65.416768,-4.842584,3.112621,-163.697248,-4.883824,3.073750,-163.743126,0.837274613,0.847091055,21.629503,0.131774
65.466768,-4.868412,3.105121,-163.865104,-4.907378,3.066913,-163.889920,0.838784563,0.848621240,21.629503,0.131774
65.516768,-4.894237,3.097675,-164.033136,-4.931160,3.060078,-164.047179,0.840291273,0.850148238,21.629503,0.131774
65.566768,-4.914170,3.091990,-164.162156,-4.955358,3.053198,-164.217409,0.841448692,0.851321408,21.629503,0.131774
65.616768,-4.931399,3.087114,-164.273270,-4.979430,3.046426,-164.355706,0.842445792,0.852332178,21.629503,0.131774
65.666768,-4.954595,3.080633,-164.399738,-5.002871,3.039887,-164.477928,0.843785770,0.853690634,21.629503,0.131774
65.716768,-4.980635,3.073386,-164.533527,-5.027570,3.033054,-164.598006,0.845289208,0.855214842,21.629503,0.131774
65.766768,-5.006692,3.066201,-164.610658,-5.051397,3.026505,-164.661793,0.846792697,0.856739166,21.629503,0.131774
65.816768,-5.032756,3.059045,-164.661055,-5.075596,3.019874,-164.680006,0.848296211,0.858263547,21.629503,0.131774
65.866768,-5.058803,3.051902,-164.663499,-5.098591,3.013575,-164.680380,0.849799057,0.859787257,21.629503,0.131774
65.916768,-5.084843,3.044766,-164.643562,-5.123591,3.006722,-164.649739,0.851301592,0.861310653,21.629503,0.131774
65.966768,-5.104924,3.039246,-164.606424,-5.147795,3.000065,-164.594404,0.852460381,0.862485527,21.629503,0.131774
66.016768,-5.122240,3.034477,-164.561298,-5.172003,2.993380,-164.521068,0.853459551,0.863498564,21.629503,0.131774
66.066768,-5.145494,3.028025,-164.473145,-5.194699,2.987078,-164.430333,0.854802622,0.864860226,21.629503,0.131774
66.116768,-5.171556,3.020776,-164.364644,-5.219960,2.980014,-164.319172,0.856308318,0.866386747,21.629503,0.131774
66.166768,-5.197455,3.013498,-164.253479,-5.244045,2.973229,-164.212743,0.857805198,0.867904283,21.629503,0.131774
66.216768,-5.223280,3.006206,-164.141083,-5.268039,2.966423,-164.110946,0.859298009,0.869417671,21.629503,0.131774
66.266768,-5.249299,2.998774,-163.980676,-5.292362,2.959473,-163.982942,0.860803367,0.870943707,21.629503,0.131774
66.316768,-5.275413,2.991274,-163.796851,-5.316557,2.952486,-163.778663,0.862314845,0.872475912,21.629503,0.131774
66.366768,-5.301223,2.983701,-163.525681,-5.340213,2.945556,-163.550234,0.863819312,0.874000673,21.629503,0.131774
66.416768,-5.326892,2.976093,-163.214321,-5.364121,2.938431,-163.238240,0.865320554,0.875522009,21.629503,0.131774
66.466768,-5.346547,2.970145,-162.938607,-5.387293,2.931381,-162.904493,0.866478064,0.876694748,21.629503,0.131774
66.516768,-5.363423,2.964964,-162.679356,-5.410916,2.924037,-162.516692,0.867476764,0.877706430,21.629503,0.131774
66.566768,-5.385776,2.957866,-162.288460,-5.433696,2.916781,-162.112373,0.868819541,0.879066065,21.629503,0.131774
66.616768,-5.410721,2.949862,-161.835230,-5.456371,2.909376,-161.707723,0.870325212,0.880590429,21.629503,0.131774
66.666768,-5.435281,2.941694,-161.366089,-5.479411,2.901673,-161.275725,0.871829710,0.882112930,21.629503,0.131774
66.716768,-5.459663,2.933451,-160.889558,-5.502090,2.893891,-160.818578,0.873333664,0.883634569,21.629503,0.131774
66.766768,-5.483575,2.925059,-160.413286,-5.523032,2.886531,-160.402766,0.874829696,0.885147549,21.629503,0.131774
66.816768,-5.507272,2.916600,-159.937112,-5.546240,2.878170,-159.937433,0.876322095,0.886656559,21.629503,0.131774
66.866768,-5.525560,2.909907,-159.565350,-5.567822,2.870200,-159.498297,0.877487510,0.887834559,21.629503,0.131774
66.916768,-5.541213,2.904074,-159.244470,-5.589435,2.862032,-159.046290,0.878493537,0.888851208,21.629503,0.131774
66.966768,-5.561593,2.896225,-158.792829,-5.609820,2.854149,-158.578762,0.879839884,0.890210899,21.629503,0.131774
67.016768,-5.584190,2.887431,-158.279903,-5.631081,2.845707,-158.090865,0.881345683,0.891731316,21.629503,0.131774
67.066768,-5.606211,2.878545,-157.751570,-5.651341,2.837471,-157.590928,0.882846013,0.893245409,21.629503,0.131774
67.116768,-5.627968,2.869616,-157.216132,-5.671368,2.829119,-157.095463,0.884343831,0.894756597,21.629503,0.131774
67.166768,-5.649335,2.860536,-156.692177,-5.690798,2.820827,-156.609631,0.885848608,0.896274029,21.629503,0.131774
67.216768,-5.670517,2.851384,-156.173629,-5.710192,2.812352,-156.144389,0.887356677,0.897794416,21.629503,0.131774
67.266768,-5.691185,2.842159,-155.700047,-5.729526,2.803711,-155.678204,0.888860703,0.899310035,21.629503,0.131774
67.316768,-5.711617,2.832900,-155.247042,-5.748424,2.795099,-155.273881,0.890362877,0.900823470,21.629503,0.131774
67.366768,-5.727042,2.825783,-154.930707,-5.766766,2.786587,-154.914715,0.891518377,0.901987234,21.629503,0.131774
67.416768,-5.740164,2.819650,-154.677232,-5.784948,2.778014,-154.559950,0.892514402,0.902990144,21.629503,0.131774
67.466768,-5.757369,2.811458,-154.455238,-5.802632,2.769559,-154.349516,0.893858060,0.904342499,21.629503,0.131774
67.516768,-5.776558,2.802266,-154.248529,-5.820086,2.761151,-154.210985,0.895370534,0.905864550,21.629503,0.131774
67.566768,-5.787567,2.782222,-154.197115,-5.837346,2.752802,-154.175373,0.620449105,0.622490850,21.581107,0.131480
67.616768,-5.794832,2.757210,-154.216806,-5.854210,2.744654,-154.266450,0.218955731,0.208670743,21.510552,0.131050
67.666768,-5.810545,2.743032,-154.352729,-5.870710,2.736721,-154.395117,0.077695174,0.066155833,21.468707,0.130795
67.716768,-5.830167,2.733866,-154.542422,-5.887425,2.728744,-154.597016,0.056817798,0.049146166,21.440142,0.130621
67.766768,-5.848761,2.724902,-154.798058,-5.903697,2.721055,-154.825976,0.045287459,0.039514090,21.389492,0.130313
67.816768,-5.866876,2.716031,-155.084473,-5.919855,2.713504,-155.103973,0.038119437,0.033325181,21.328536,0.129942
67.866768,-5.880279,2.709706,-155.336532,-5.935334,2.706369,-155.418197,0.036536107,0.031850851,21.356341,0.130110
67.916768,-5.891500,2.704559,-155.572692,-5.951035,2.699239,-155.749731,0.037537681,0.032558687,21.425231,0.130529
67.966768,-5.907361,2.697738,-155.918523,-5.965885,2.692603,-156.111217,0.035166835,0.030258330,21.323479,0.129914
68.016768,-5.925362,2.690145,-156.314959,-5.980509,2.686184,-156.503630,0.031240114,0.026570135,21.143000,0.128816
68.066768,-5.942744,2.683297,-156.771476,-5.994731,2.680060,-156.934094,0.028500009,0.024014123,21.036477,0.128163
68.116768,-5.959829,2.676804,-157.256693,-6.008573,2.674226,-157.392113,0.026326366,0.021998589,20.965259,0.127729
68.166768,-5.975789,2.670584,-157.775047,-6.022320,2.668566,-157.868915,0.024742140,0.020514348,20.913856,0.127415
68.216768,-5.991223,2.664492,-158.308869,-6.035645,2.663211,-158.371445,0.023432565,0.019277673,20.871685,0.127158
68.266768,-6.001968,2.659775,-158.734694,-6.048231,2.658283,-158.886869,0.022106453,0.018046903,20.746063,0.126394
68.316768,-6.010532,2.655699,-159.110327,-6.061252,2.653322,-159.442851,0.020772652,0.016818877,20.581644,0.125392
68.366768,-6.022669,2.651055,-159.644184,-6.073244,2.648890,-160.001731,0.020081166,0.016187311,20.588097,0.125429
68.416768,-6.036491,2.646144,-160.252731,-6.084953,2.644693,-160.563841,0.019692776,0.015837201,20.675181,0.125960
68.466768,-6.049001,2.641546,-160.870216,-6.096244,2.640772,-161.145591,0.019384729,0.015525070,20.707099,0.126155
68.516768,-6.060899,2.637095,-161.491912,-6.107040,2.637145,-161.720918,0.019114115,0.015230633,20.713313,0.126193
68.566768,-6.072230,2.633268,-162.124741,-6.117176,2.633854,-162.303865,0.018898279,0.014974850,20.707596,0.126158
68.616768,-6.083303,2.629725,-162.762690,-6.126455,2.630951,-162.882042,0.018707397,0.014736676,20.696443,0.126091
68.666768,-6.093256,2.626397,-163.412674,-6.135542,2.628203,-163.470977,0.018552813,0.014526540,20.686589,0.126030
68.716768,-6.102688,2.623168,-164.068298,-6.144674,2.625552,-164.113976,0.018415080,0.014329420,20.677338,0.125974
68.766768,-6.110123,2.621354,-164.590596,-6.152596,2.623355,-164.737982,0.018064980,0.013991390,20.649878,0.125807
68.816768,-6.116639,2.620192,-165.051476,-6.160402,2.621272,-165.376626,0.017616997,0.013588412,20.614025,0.125588
68.866768,-6.122855,2.618772,-165.534312,-6.167175,2.619546,-165.960531,0.017496611,0.013451190,20.621355,0.125632
68.916768,-6.128933,2.617233,-166.027251,-6.169993,2.618848,-166.219642,0.017526662,0.013436007,20.648515,0.125798
68.966768,-6.130896,2.616735,-166.201803,-6.170092,2.618824,-166.247739,0.017548879,0.013425586,20.662042,0.125880
69.016768,-6.130918,2.616728,-166.226242,-6.170092,2.618824,-166.247739,0.017567403,0.013417410,20.669142,0.125924
69.066768,-6.130890,2.616729,-166.235759,-6.170092,2.618824,-166.247739,0.017582540,0.013412545,20.673234,0.125949
69.116768,-6.130839,2.616733,-166.238422,-6.170092,2.618824,-166.247739,0.017596121,0.013409202,20.675944,0.125965
69.166768,-6.130795,2.616735,-166.240085,-6.170092,2.618824,-166.247739,0.017366245,0.013224282,20.655478,0.125841
69.216768,-6.130754,2.616735,-166.241288,-6.170092,2.618824,-166.247739,0.017024342,0.012955809,20.624348,0.125651
69.266768,-6.130718,2.616733,-166.242443,-6.170092,2.618824,-166.247739,0.016989550,0.012943173,20.633713,0.125707
69.316768,-6.130684,2.616729,-166.243576,-6.170092,2.618824,-166.247739,0.017099635,0.013051225,20.662182,0.125881
69.366768,-6.130653,2.616724,-166.244416,-6.170092,2.618824,-166.247739,0.017188276,0.013129038,20.673864,0.125952
69.416768,-6.130625,2.616719,-166.245117,-6.170092,2.618824,-166.247739,0.017266738,0.013192497,20.677577,0.125975
69.466768,-6.130599,2.616714,-166.245633,-6.170092,2.618824,-166.247739,0.017329380,0.013238264,20.677995,0.125978
69.516768,-6.130574,2.616709,-166.246064,-6.170092,2.618824,-166.247739,0.017384701,0.013275846,20.676887,0.125971
69.566768,-6.130553,2.616705,-166.246336,-6.170092,2.618824,-166.247739,0.017092561,0.012995314,20.573188,0.125344
69.616768,-6.130532,2.616700,-166.246533,-6.170092,2.618824,-166.247739,0.016634263,0.012562661,20.420429,0.124411
69.666768,-6.130513,2.616696,-166.246728,-6.170092,2.618824,-166.247739,0.016504530,0.012432000,20.370538,0.124104
69.716768,-6.130496,2.616691,-166.246922,-6.170033,2.618838,-166.243377,0.016532532,0.012446318,20.370031,0.124101
69.766768,-6.129318,2.616743,-166.196277,-6.168574,2.619196,-166.180465,0.016653038,0.012590327,20.451393,0.124595
69.816768,-6.127603,2.616822,-166.122081,-6.166195,2.619782,-166.107995,0.016816399,0.012794419,20.570681,0.125322
69.866768,-6.124120,2.617362,-166.011297,-6.162714,2.620646,-166.001813,0.016948951,0.012955709,20.629638,0.125683
69.916768,-6.119790,2.618124,-165.882982,-6.158465,2.621710,-165.866184,0.017066740,0.013096490,20.659686,0.125866
69.966768,-6.114947,2.619319,-165.721121,-6.153760,2.622900,-165.720645,0.017162247,0.013217449,20.672625,0.125945
70.016768,-6.109865,2.620714,-165.543752,-6.148453,2.624259,-165.545420,0.017247454,0.013329244,20.677655,0.125975
70.066768,-6.105393,2.622036,-165.397586,-6.142898,2.625699,-165.364787,0.016980059,0.013117390,20.576638,0.125362
70.116768,-6.101203,2.623324,-165.265896,-6.136808,2.627299,-165.158329,0.016549086,0.012755387,20.426424,0.124447
70.166768,-6.095680,2.624811,-165.078360,-6.131872,2.628613,-164.997450,0.016435945,0.012692865,20.373984,0.124125
70.216768,-6.089482,2.626399,-164.862606,-6.125309,2.630385,-164.766600,0.016483395,0.012781661,20.370947,0.124107
70.266768,-6.081646,2.627974,-164.621201,-6.118956,2.632126,-164.555603,0.016619672,0.012986541,20.449347,0.124583
70.316768,-6.073049,2.629543,-164.367863,-6.111737,2.634137,-164.289964,0.016797262,0.013245412,20.565623,0.125292
70.366768,-6.064738,2.631660,-164.089947,-6.104481,2.636194,-164.022437,0.016941584,0.013463021,20.619884,0.125623
70.416768,-6.056560,2.634030,-163.800598,-6.096993,2.638355,-163.749090,0.017070434,0.013661441,20.645305,0.125778
70.466768,-6.049880,2.635887,-163.566733,-6.089563,2.640538,-163.486119,0.016841293,0.013525104,20.550070,0.125200
70.516768,-6.043933,2.637492,-163.360011,-6.081143,2.643058,-163.159901,0.016436994,0.013224977,20.395800,0.124260
70.566768,-6.035831,2.640038,-163.041753,-6.072976,2.645553,-162.820967,0.016353347,0.013225992,20.341677,0.123929
70.616768,-6.026698,2.643034,-162.670124,-6.064341,2.648250,-162.449553,0.016423117,0.013371090,20.335469,0.123891
70.666768,-6.017493,2.645852,-162.269865,-6.056231,2.650839,-162.086409,0.016571822,0.013609212,20.409689,0.124341
70.716768,-6.008256,2.648585,-161.856124,-6.047498,2.653694,-161.667255,0.016757661,0.013891098,20.521746,0.125024
70.766768,-6.000256,2.650881,-161.494376,-6.041874,2.655571,-161.391248,0.016605428,0.013854361,20.480857,0.124778
70.816768,-5.993057,2.652894,-161.166273,-6.033885,2.658290,-160.965799,0.016234362,0.013611381,20.340967,0.123926
70.866768,-5.984493,2.655940,-160.699220,-6.025867,2.661087,-160.517757,0.016183924,0.013659734,20.295491,0.123647
70.916768,-5.975278,2.659478,-160.165932,-6.016712,2.664369,-159.992901,0.016286279,0.013846919,20.295007,0.123644
70.966768,-5.967771,2.662324,-159.738275,-6.007791,2.667660,-159.461724,0.016029465,0.013712212,20.145333,0.124818
71.016768,-5.961059,2.664847,-159.359774,-6.000125,2.670558,-158.997540,0.015605443,0.013427652,19.926205,0.126545
71.066768,-5.952358,2.668110,-158.811794,-5.990696,2.674230,-158.390582,0.015603819,0.013535610,19.962524,0.125654
71.116768,-5.942731,2.671717,-158.184928,-5.982112,2.677658,-157.794082,0.015798725,0.013826193,20.117694,0.123535
71.166768,-5.933397,2.675385,-157.505093,-5.973724,2.681112,-157.138150,0.015957101,0.014071826,20.190700,0.123008
71.216768,-5.924197,2.679080,-156.800773,-5.965590,2.684579,-156.473318,0.016098633,0.014296729,20.225816,0.123222
71.266768,-5.915673,2.682822,-156.032907,-5.957734,2.688040,-155.753265,0.016213562,0.014492565,20.237015,0.123291
71.316768,-5.907462,2.686586,-155.235569,-5.950321,2.691409,-155.009917,0.016316188,0.014674958,20.237152,0.123292
71.366768,-5.899820,2.690504,-154.403992,-5.943012,2.694855,-154.235005,0.016399236,0.014836247,20.232004,0.123260
71.416768,-5.892439,2.694494,-153.556590,-5.935873,2.698343,-153.429599,0.016473297,0.014987847,20.224429,0.123214
71.466768,-5.886779,2.697475,-152.871899,-5.928956,2.701825,-152.593211,0.017177913,0.015663334,20.425728,0.124437
71.516768,-5.881910,2.699994,-152.261769,-5.922321,2.705318,-151.731454,0.018171771,0.016579133,20.722839,0.126247
71.566768,-5.875788,2.703290,-151.396365,-5.916014,2.708723,-150.832115,0.019510753,0.017851648,20.975064,0.127785
71.616768,-5.869067,2.706960,-150.408393,-5.910099,2.712064,-149.885706,0.021015277,0.019295266,21.205761,0.129190
71.666768,-5.862977,2.710484,-149.359082,-5.904647,2.715248,-148.905810,0.022518006,0.020760249,21.347213,0.130054
71.716768,-5.857180,2.713942,-148.281080,-5.899510,2.718349,-147.888300,0.024019901,0.022235149,21.447236,0.130663
71.766768,-5.851602,2.717482,-147.117641,-5.894510,2.721523,-146.813951,0.025516103,0.023715185,21.508065,0.131034
71.816768,-5.846124,2.721059,-145.914740,-5.889456,2.724893,-145.654779,0.027009696,0.025197575,21.550928,0.131295
71.866768,-5.841805,2.724017,-144.935663,-5.884361,2.728444,-144.454094,0.028169190,0.026351275,21.574226,0.131438
71.916768,-5.838039,2.726678,-144.063196,-5.879225,2.732180,-143.194733,0.029169211,0.027348085,21.588185,0.131523
71.966768,-5.833311,2.730228,-142.860058,-5.874437,2.735760,-141.974900,0.030510633,0.028686836,21.599835,0.131594
72.016768,-5.828123,2.734204,-141.498470,-5.869870,2.739343,-140.716992,0.032015305,0.030189096,21.610380,0.131658
72.066768,-5.823378,2.738078,-140.116349,-5.865530,2.742888,-139.429734,0.033516786,0.031689055,21.616806,0.131697
72.116768,-5.818840,2.741904,-138.724154,-5.861562,2.746325,-138.159590,0.035016780,0.033187943,21.621312,0.131725
72.166768,-5.814726,2.745610,-137.289587,-5.857743,2.749781,-136.836090,0.036515626,0.034686042,21.624061,0.131741
72.216768,-5.810809,2.749261,-135.834657,-5.854245,2.753105,-135.509925,0.038013935,0.036183772,21.625989,0.131753
72.266768,-5.807296,2.752750,-134.339403,-5.850948,2.756410,-134.150437,0.039516888,0.037686287,21.627172,0.131760
72.316768,-5.803975,2.756163,-132.824422,-5.848041,2.759438,-132.740796,0.041022039,0.039191066,21.628002,0.131765
72.366768,-5.801746,2.758574,-131.628402,-5.845488,2.762223,-131.269487,0.042173537,0.040342302,21.628445,0.131768
72.416768,-5.800019,2.760524,-130.578580,-5.843203,2.764860,-129.791754,0.043162467,0.041331023,21.628709,0.131770
72.466768,-5.798060,2.762883,-129.124457,-5.841267,2.767223,-128.288101,0.044499552,0.042667863,21.628933,0.131771
72.516768,-5.795981,2.765450,-127.463570,-5.839561,2.769424,-126.757150,0.046014163,0.044182213,21.629137,0.131772
72.566768,-5.794497,2.767402,-125.756708,-5.838189,2.771296,-125.173451,0.047517673,0.045685516,21.629260,0.131773
72.616768,-5.793291,2.769066,-124.027390,-5.837373,2.772479,-123.460530,0.049015991,0.047183652,21.629346,0.131774
72.666768,-5.792817,2.769727,-122.214168,-5.836941,2.773140,-121.713726,0.050512778,0.048680327,21.629399,0.131774
72.716768,-5.792690,2.769912,-120.360117,-5.836899,2.773197,-119.923353,0.052008841,0.050176310,21.629436,0.131774
72.766768,-5.792723,2.769834,-118.890938,-5.836974,2.773050,-118.065964,0.053167201,0.051334631,21.629456,0.131774
72.816768,-5.792834,2.769629,-117.607290,-5.837098,2.772800,-116.194420,0.054162064,0.052329474,21.629468,0.131774
72.866768,-5.792738,2.769863,-115.778389,-5.836809,2.773398,-114.134929,0.055502563,0.053669947,21.629478,0.131774
72.916768,-5.792537,2.770321,-113.671834,-5.836487,2.774137,-112.111356,0.057018302,0.055185655,21.629487,0.131774
72.966768,-5.792235,2.771105,-111.541584,-5.836152,2.774987,-110.042632,0.058522995,0.056690316,21.629492,0.131774
73.016768,-5.791886,2.772039,-109.398572,-5.835845,2.775853,-108.033908,0.060022592,0.058189880,21.629496,0.131774
73.066768,-5.791573,2.773031,-107.216179,-5.835530,2.776859,-105.955241,0.061523407,0.059690661,21.629499,0.131774
73.116768,-5.791278,2.774049,-105.013590,-5.835284,2.777753,-103.879478,0.063024784,0.061192003,21.629500,0.131774
73.166768,-5.791073,2.774904,-102.802422,-5.835090,2.778571,-101.807640,0.064524987,0.062692180,21.629501,0.131774
73.216768,-5.790909,2.775683,-100.585251,-5.834950,2.779273,-99.755189,0.066024652,0.064191821,21.629502,0.131774
73.266768,-5.790825,2.776172,-98.875982,-5.834861,2.779802,-97.738374,0.067174316,0.065341472,21.629502,0.131774
73.316768,-5.790778,2.776528,-97.398911,-5.834790,2.780339,-95.619721,0.068163087,0.066330236,21.629502,0.131774
73.366768,-5.790742,2.776915,-95.405478,-5.834754,2.780705,-93.640067,0.069500896,0.067668039,21.629503,0.131774
73.416768,-5.790711,2.777319,-93.147264,-5.834737,2.780928,-91.601253,0.071016636,0.069183773,21.629503,0.131774
73.466768,-5.790702,2.777263,-90.902020,-5.834730,2.780966,-89.540658,0.072522459,0.070689603,21.629503,0.131774
73.516768,-5.790703,2.776994,-88.660626,-5.834716,2.780722,-87.553239,0.074023681,0.072190838,21.629503,0.131774
73.566768,-5.790663,2.776412,-86.466630,-5.834691,2.780401,-85.603923,0.075519068,0.073686232,21.629503,0.131774
73.616768,-5.790605,2.775686,-84.292375,-5.834622,2.779801,-83.660508,0.077011767,0.075178938,21.629503,0.131774
73.666768,-5.790512,2.774914,-82.619778,-5.834498,2.778873,-81.755356,0.078173937,0.076341104,21.629503,0.131774
73.716768,-5.790402,2.774120,-81.187504,-5.834325,2.777844,-79.850170,0.079176954,0.077344114,21.629503,0.131774
73.766768,-5.790146,2.772783,-79.250781,-5.834043,2.776468,-77.855480,0.080518218,0.078685348,21.629503,0.131774
73.816768,-5.789822,2.771192,-77.076380,-5.833711,2.775060,-75.972168,0.082017935,0.080185023,21.629503,0.131774
73.866768,-5.789338,2.769338,-74.936965,-5.833262,2.773412,-73.972488,0.083519923,0.081686942,21.629503,0.131774
73.916768,-5.788778,2.767361,-72.812057,-5.832712,2.771629,-72.012167,0.085022977,0.083189914,21.629503,0.131774
73.966768,-5.787973,2.765021,-70.685651,-5.832071,2.769775,-70.061112,0.086523957,0.084690772,21.629503,0.131774
74.016768,-5.787055,2.762514,-68.556709,-5.831172,2.767423,-68.079913,0.088023981,0.086190657,21.629503,0.131774
74.066768,-5.785809,2.759601,-66.443264,-5.830119,2.764945,-66.088980,0.089524008,0.087690495,21.629503,0.131774
74.116768,-5.784412,2.756501,-64.335143,-5.828854,2.762222,-64.151734,0.091024035,0.089190313,21.629503,0.131774
74.166768,-5.783154,2.753968,-62.714927,-5.827468,2.759479,-62.302094,0.092182449,0.090348546,21.629503,0.131774
74.216768,-5.781959,2.751698,-61.319016,-5.826005,2.756789,-60.616143,0.093183051,0.091348983,21.629503,0.131774
74.266768,-5.779958,2.748297,-59.503165,-5.823986,2.753342,-58.675986,0.094518311,0.092683984,21.629503,0.131774
74.316768,-5.777587,2.744374,-57.492873,-5.821737,2.749775,-56.822138,0.096007618,0.094172990,21.629503,0.131774
74.366768,-5.774648,2.740026,-55.501379,-5.819131,2.745936,-54.930923,0.097512363,0.095677409,21.629503,0.131774
74.416768,-5.771429,2.735469,-53.517571,-5.816145,2.741796,-53.170634,0.099024717,0.097189425,21.629503,0.131774
74.466768,-5.767416,2.730341,-51.595663,-5.812609,2.737219,-51.352786,0.100529454,0.098693813,21.629503,0.131774
74.516768,-5.763037,2.724952,-49.700793,-5.808640,2.732403,-49.655238,0.102030695,0.100194700,21.629503,0.131774
74.566768,-5.759072,2.720388,-48.299488,-5.803597,2.726644,-47.936931,0.103188151,0.101351898,21.629503,0.131774
74.616768,-5.755296,2.716202,-47.123447,-5.798386,2.720950,-46.347546,0.104188182,0.102351716,21.629503,0.131774
74.666768,-5.749385,2.710160,-45.601053,-5.792178,2.714613,-44.737386,0.105528188,0.103691550,21.629503,0.131774
74.716768,-5.742489,2.703263,-43.918329,-5.785558,2.708193,-43.221810,0.107024924,0.105188134,21.629503,0.131774
74.766768,-5.734192,2.695626,-42.298384,-5.777975,2.701255,-41.711339,0.108528452,0.106691781,21.629503,0.131774
74.816768,-5.725230,2.687636,-40.707376,-5.769241,2.693666,-40.265025,0.110035203,0.108198778,21.629503,0.131774
74.866768,-5.714913,2.679139,-39.204506,-5.759526,2.685647,-38.769025,0.111528975,0.109693286,21.629503,0.131774
74.916768,-5.703971,2.670408,-37.741536,-5.749463,2.677751,-37.459265,0.113016770,0.111182042,21.629503,0.131774
74.966768,-5.694613,2.663302,-36.651557,-5.738094,2.669224,-36.183045,0.114186684,0.112353096,21.629503,0.131774
75.016768,-5.686053,2.657014,-35.749001,-5.725833,2.660460,-34.964367,0.115196550,0.113364192,21.629503,0.131774
75.066768,-5.673374,2.648270,-34.630995,-5.711945,2.650956,-33.775731,0.116542129,0.114712206,21.629503,0.131774
75.116768,-5.658766,2.638377,-33.411858,-5.698489,2.642128,-32.692302,0.118044887,0.116217961,21.629503,0.131774
75.166768,-5.642904,2.628262,-32.314986,-5.683224,2.632515,-31.677354,0.119548024,0.117725174,21.629503,0.131774
75.216768,-5.626454,2.618044,-31.275186,-5.667461,2.622956,-30.751878,0.121051338,0.119233072,21.629503,0.131774
75.266768,-5.608683,2.607567,-30.378185,-5.651062,2.613355,-29.938909,0.122554110,0.120741702,21.629503,0.131774
75.316768,-5.590291,2.596969,-29.548009,-5.633542,2.603405,-29.225955,0.124056628,0.122250676,21.629503,0.131774
75.366768,-5.570672,2.586123,-28.834705,-5.615751,2.593573,-28.570532,0.125563286,0.123765141,21.629503,0.131774
75.416768,-5.550474,2.575159,-28.176516,-5.596633,2.583284,-27.987480,0.127071898,0.125282200,21.629503,0.131774
75.466768,-5.534365,2.566619,-27.752286,-5.576997,2.572949,-27.529116,0.128232033,0.126449561,21.629503,0.131774
75.516768,-5.520133,2.559191,-27.435370,-5.557123,2.562682,-27.098383,0.129232286,0.127456479,21.629503,0.131774
75.566768,-5.500351,2.549114,-27.054129,-5.537329,2.552628,-26.738217,0.130577253,0.128811356,21.629503,0.131774
75.616768,-5.477963,2.537793,-26.642686,-5.515615,2.541771,-26.369438,0.132084014,0.130329548,21.629503,0.131774
75.666768,-5.455478,2.526664,-26.304114,-5.494084,2.531166,-26.064673,0.133549028,0.131806746,21.629503,0.131774
75.716768,-5.432948,2.515624,-25.999201,-5.473746,2.521269,-25.821431,0.134994753,0.133265003,21.629503,0.131774
75.766768,-5.413935,2.506409,-25.770706,-5.455141,2.512305,-25.616759,0.136197101,0.134478236,21.629503,0.131774
75.816768,-5.397238,2.498398,-25.592544,-5.433144,2.501807,-25.409283,0.137239135,0.135530069,21.629503,0.131774
75.866768,-5.375457,2.488065,-25.421573,-5.413034,2.492286,-25.258776,0.138586096,0.136890155,21.629503,0.131774
75.916768,-5.351261,2.476631,-25.254016,-5.389637,2.481276,-25.134422,0.140077947,0.138396710,21.629503,0.131774
75.966768,-5.326694,2.465100,-25.166184,-5.366752,2.470567,-25.029088,0.141590361,0.139924277,21.629503,0.131774
76.016768,-5.301935,2.453521,-25.119229,-5.345320,2.460558,-25.049122,0.143113319,0.141462617,21.629503,0.131774
76.066768,-5.277396,2.442013,-25.170035,-5.321705,2.449505,-25.121055,0.144623601,0.142988214,21.629503,0.131774
76.116768,-5.252958,2.430538,-25.265700,-5.298973,2.438822,-25.230089,0.146128066,0.144507964,21.629503,0.131774
76.166768,-5.234165,2.421661,-25.369646,-5.276279,2.428099,-25.370230,0.147287426,0.145679057,21.629503,0.131774
76.216768,-5.217962,2.413974,-25.477392,-5.254067,2.417530,-25.524848,0.148288508,0.146690241,21.629503,0.131774
76.266768,-5.196248,2.403569,-25.646492,-5.231180,2.406560,-25.709605,0.149631603,0.148046814,21.629503,0.131774
76.316768,-5.171963,2.391895,-25.844226,-5.209356,2.396009,-25.903130,0.151134308,0.149564572,21.629503,0.131774
76.366768,-5.147679,2.380059,-26.083952,-5.186696,2.384954,-26.131047,0.152640375,0.151085566,21.629503,0.131774
76.416768,-5.123395,2.368147,-26.343499,-5.164815,2.374165,-26.369733,0.154148028,0.152608088,21.629503,0.131774
76.466768,-5.099422,2.356196,-26.618621,-5.141576,2.362580,-26.634271,0.155641425,0.154115987,21.629503,0.131774
76.516768,-5.075594,2.344225,-26.900967,-5.119447,2.351421,-26.904916,0.157128214,0.155617110,21.629503,0.131774
76.566768,-5.056839,2.334687,-27.129308,-5.097760,2.340355,-27.180965,0.158301297,0.156801369,21.629503,0.131774
76.616768,-5.040708,2.326408,-27.329706,-5.075172,2.328688,-27.465811,0.159312044,0.157821657,21.629503,0.131774
76.666768,-5.019247,2.315215,-27.588669,-5.053050,2.317124,-27.735418,0.160661378,0.159183513,21.629503,0.131774
76.716768,-4.995204,2.302610,-27.876011,-5.030680,2.305297,-28.003445,0.162174760,0.160710860,21.629503,0.131774
76.766768,-4.971344,2.289893,-28.172453,-5.008776,2.293587,-28.273030,0.163682209,0.162231952,21.629503,0.131774
76.816768,-4.947569,2.277123,-28.473094,-4.988155,2.282438,-28.544469,0.165186924,0.163750160,21.629503,0.131774
76.866768,-4.923883,2.264167,-28.777807,-4.966502,2.270591,-28.837283,0.166692352,0.165268791,21.629503,0.131774
76.916768,-4.900239,2.251125,-29.084410,-4.944859,2.258602,-29.127643,0.168198109,0.166787618,21.629503,0.131774
76.966768,-4.882070,2.241004,-29.251232,-4.926620,2.248409,-29.275065,0.169357974,0.167957415,21.629503,0.131774
77.016768,-4.866432,2.232234,-29.353407,-4.906916,2.237334,-29.392396,0.170357860,0.168965784,21.629503,0.131774
77.066768,-4.845451,2.220417,-29.395680,-4.885417,2.225213,-29.428889,0.171700819,0.170320057,21.629503,0.131774
77.116768,-4.821907,2.207139,-29.409223,-4.864451,2.213385,-29.420783,0.173208314,0.171840223,21.629503,0.131774
77.166768,-4.798341,2.193877,-29.353617,-4.843358,2.201501,-29.369423,0.174716771,0.173361369,21.629503,0.131774
77.216768,-4.774765,2.180623,-29.265184,-4.819774,2.188254,-29.266186,0.176225684,0.174882980,21.629503,0.131774
77.266768,-4.756555,2.170437,-29.165588,-4.797958,2.176059,-29.129381,0.177389519,0.176056666,21.629503,0.131774
77.316768,-4.740846,2.161681,-29.060792,-4.776176,2.163955,-28.980086,0.178392609,0.177068280,21.629503,0.131774
77.366768,-4.719938,2.150130,-28.898880,-4.754571,2.152027,-28.810833,0.179725000,0.178412112,21.629503,0.131774
77.416768,-4.696592,2.137267,-28.710178,-4.732429,2.139897,-28.614399,0.181211838,0.179911759,21.629503,0.131774
77.466768,-4.672769,2.124297,-28.485934,-4.710152,2.127795,-28.399134,0.182725446,0.181438584,21.629503,0.131774
77.516768,-4.648695,2.111270,-28.243002,-4.688241,2.116003,-28.164499,0.184253127,0.182979699,21.629503,0.131774
77.566768,-4.624807,2.098528,-27.995091,-4.666262,2.104290,-27.925585,0.185763788,0.184503873,21.629503,0.131774
77.616768,-4.601006,2.085918,-27.744881,-4.644135,2.092618,-27.697317,0.187266601,0.186020237,21.629503,0.131774
77.666768,-4.582548,2.076237,-27.556597,-4.621953,2.081026,-27.474949,0.188428935,0.187193184,21.629503,0.131774
77.716768,-4.566592,2.067928,-27.397309,-4.600183,2.069755,-27.257760,0.189431834,0.188205320,21.629503,0.131774
77.766768,-4.545187,2.056919,-27.198701,-4.577574,2.058156,-27.052477,0.190773673,0.189559694,21.629503,0.131774
77.816768,-4.521216,2.044640,-26.981581,-4.555344,2.046849,-26.860351,0.192275072,0.191075180,21.629503,0.131774
77.866768,-4.497097,2.032427,-26.792662,-4.533115,2.035632,-26.692940,0.193782040,0.192596474,21.629503,0.131774
77.916768,-4.472908,2.020246,-26.617319,-4.510828,2.024461,-26.544010,0.195291691,0.194120565,21.629503,0.131774
77.966768,-4.448681,2.008172,-26.434655,-4.489278,2.013729,-26.388065,0.196800374,0.195643841,21.629503,0.131774
78.016768,-4.424438,1.996149,-26.248564,-4.468174,2.003296,-26.218268,0.198308605,0.197166736,21.629503,0.131774
78.066768,-4.400209,1.984270,-26.053582,-4.444942,1.991900,-26.029637,0.199812500,0.198685434,21.629503,0.131774
78.116768,-4.375985,1.972458,-25.854524,-4.422611,1.981038,-25.843490,0.201314408,0.200202208,21.629503,0.131774
78.166768,-4.357307,1.963429,-25.703828,-4.400263,1.970254,-25.662899,0.202470565,0.201369908,21.629503,0.131774
78.216768,-4.341212,1.955698,-25.575676,-4.377837,1.959520,-25.485660,0.203465529,0.202374867,21.629503,0.131774
78.266768,-4.319442,1.945347,-25.412646,-4.354927,1.948641,-25.314737,0.204808786,0.203731757,21.629503,0.131774
78.316768,-4.294821,1.933682,-25.232105,-4.332236,1.937945,-25.154458,0.206326902,0.205265331,21.629503,0.131774
78.366768,-4.270384,1.922224,-25.067813,-4.309814,1.927450,-25.003306,0.207830830,0.206784726,21.629503,0.131774
78.416768,-4.246031,1.910863,-24.911038,-4.287656,1.917148,-24.865369,0.209328194,0.208297560,21.629503,0.131774
78.466768,-4.221517,1.899525,-24.776694,-4.264609,1.906496,-24.744357,0.210834702,0.209819731,21.629503,0.131774
78.516768,-4.196926,1.888198,-24.653183,-4.241998,1.896102,-24.632671,0.212345626,0.211346411,21.629503,0.131774
78.566768,-4.178034,1.879540,-24.570858,-4.219001,1.885580,-24.533730,0.213506428,0.212519352,21.629503,0.131774
78.616768,-4.161787,1.872121,-24.507636,-4.197486,1.875775,-24.466289,0.214504849,0.213528235,21.629503,0.131774
78.666768,-4.139855,1.862143,-24.459885,-4.173595,1.864917,-24.423323,0.215849199,0.214886769,21.629503,0.131774
78.716768,-4.115179,1.850930,-24.419603,-4.150791,1.854567,-24.400580,0.217360566,0.216414118,21.629503,0.131774
78.766768,-4.090603,1.839777,-24.410834,-4.128109,1.844281,-24.393187,0.218864940,0.217934435,21.629503,0.131774
78.816768,-4.066074,1.828650,-24.416628,-4.105363,1.833960,-24.417574,0.220366083,0.219451503,21.629503,0.131774
78.866768,-4.041483,1.817477,-24.451044,-4.082955,1.823782,-24.445324,0.221871094,0.220972474,21.629503,0.131774
78.916768,-4.016864,1.806281,-24.498934,-4.060153,1.813405,-24.501898,0.223377926,0.222495282,21.629503,0.131774
78.966768,-3.992283,1.795056,-24.568784,-4.037329,1.802987,-24.568290,0.224883410,0.224016680,21.629503,0.131774
79.016768,-3.967719,1.783819,-24.648805,-4.014439,1.792506,-24.645262,0.226388269,0.225537426,21.629503,0.131774
79.066768,-3.948783,1.775119,-24.722113,-3.991767,1.782084,-24.736782,0.227549284,0.226710658,21.629503,0.131774
79.116768,-3.932442,1.767589,-24.792323,-3.969018,1.771580,-24.836374,0.228551664,0.227723561,21.629503,0.131774
79.166768,-3.910535,1.757430,-24.895539,-3.946323,1.761051,-24.946986,0.229897678,0.229083618,21.629503,0.131774
79.216768,-3.886049,1.746052,-25.014047,-3.923800,1.750548,-25.060628,0.231402898,0.230604513,21.629503,0.131774
79.266768,-3.861617,1.734603,-25.158351,-3.901195,1.739948,-25.194769,0.232907196,0.232124361,21.629503,0.131774
79.316768,-3.837210,1.723122,-25.314540,-3.879170,1.729554,-25.344393,0.234411069,0.233643728,21.629503,0.131774
79.366768,-3.812914,1.711572,-25.489505,-3.855943,1.718512,-25.513588,0.235910386,0.235158359,21.629503,0.131774
79.416768,-3.788669,1.699989,-25.673148,-3.833498,1.707760,-25.687337,0.237407597,0.236670801,21.629503,0.131774
79.466768,-3.769809,1.690903,-25.824099,-3.811863,1.697315,-25.864130,0.238574206,0.237849185,21.629503,0.131774
79.516768,-3.753549,1.683024,-25.959251,-3.789088,1.686229,-26.058246,0.239581050,0.238866135,21.629503,0.131774
79.566768,-3.731833,1.672378,-26.139002,-3.765991,1.674889,-26.251489,0.240928891,0.240227356,21.629503,0.131774
79.616768,-3.707570,1.660440,-26.339578,-3.743625,1.663815,-26.435139,0.242435951,0.241749323,21.629503,0.131774
79.666768,-3.683417,1.648413,-26.541618,-3.721297,1.652670,-26.625470,0.243940063,0.243268125,21.629503,0.131774
79.716768,-3.659316,1.636345,-26.744332,-3.699054,1.641476,-26.813036,0.245442817,0.244785470,21.629503,0.131774
79.766768,-3.635222,1.624132,-26.953603,-3.677301,1.630441,-26.993160,0.246949285,0.246306372,21.629503,0.131774
79.816768,-3.611131,1.611851,-27.165930,-3.654542,1.618800,-27.196928,0.248457483,0.247828931,21.629503,0.131774
79.866768,-3.587146,1.599466,-27.387442,-3.632352,1.607347,-27.410757,0.249962616,0.249348199,21.629503,0.131774
79.916768,-3.563210,1.587034,-27.613152,-3.610404,1.595917,-27.617192,0.251466348,0.250865962,21.629503,0.131774
79.966768,-3.544784,1.577370,-27.787213,-3.590453,1.585440,-27.807906,0.252626361,0.252036681,21.629503,0.131774
80.016768,-3.528897,1.568982,-27.937469,-3.566822,1.572920,-28.030753,0.253627940,0.253047435,21.629503,0.131774
80.066768,-3.507595,1.557640,-28.036147,-3.544212,1.560854,-28.118200,0.254973956,0.254405643,21.629503,0.131774
80.116768,-3.483752,1.544912,-28.110628,-3.521988,1.548974,-28.137433,0.256481571,0.255926866,21.629503,0.131774
80.166768,-3.459957,1.532204,-28.099493,-3.500370,1.537415,-28.117607,0.257986201,0.257445054,21.629503,0.131774
80.216768,-3.436184,1.519506,-28.048746,-3.478532,1.525762,-28.041532,0.259489450,0.258961839,21.629503,0.131774
80.266768,-3.412376,1.506858,-27.944385,-3.456356,1.513973,-27.943656,0.260992728,0.260478729,21.629503,0.131774
80.316768,-3.388550,1.494233,-27.814892,-3.434096,1.502197,-27.807100,0.262496020,0.261995669,21.629503,0.131774
80.366768,-3.370171,1.484552,-27.713663,-3.412247,1.490707,-27.666821,0.263654151,0.263164380,21.629503,0.131774
80.416768,-3.354376,1.476268,-27.625847,-3.389632,1.478875,-27.579047,0.264648483,0.264167835,21.629503,0.131774
80.466768,-3.333029,1.465106,-27.592652,-3.367414,1.467272,-27.577318,0.265991657,0.265523370,21.629503,0.131774
80.516768,-3.308819,1.452460,-27.587628,-3.345412,1.455779,-27.589581,0.267514750,0.267060494,21.629503,0.131774
80.566768,-3.284821,1.439902,-27.634840,-3.323143,1.444130,-27.647907,0.269024926,0.268584559,21.629503,0.131774
80.616768,-3.260920,1.427384,-27.706271,-3.300931,1.432475,-27.730484,0.270529112,0.270102569,21.629503,0.131774
80.666768,-3.237090,1.414834,-27.806359,-3.280030,1.421468,-27.821986,0.272030734,0.271617907,21.629503,0.131774
80.716768,-3.213295,1.402269,-27.919820,-3.256721,1.409138,-27.938652,0.273531158,0.273131997,21.629503,0.131774
80.766768,-3.189406,1.389569,-28.045168,-3.234978,1.397582,-28.048451,0.275039944,0.274654416,21.629503,0.131774
80.816768,-3.165474,1.376804,-28.176231,-3.212705,1.385686,-28.175352,0.276552751,0.276180837,21.629503,0.131774
80.866768,-3.147114,1.366952,-28.286603,-3.190886,1.373968,-28.311326,0.277714820,0.277353294,21.629503,0.131774
80.916768,-3.131314,1.358439,-28.387468,-3.168807,1.362039,-28.452705,0.278715729,0.278363108,21.629503,0.131774
80.966768,-3.110276,1.347020,-28.506933,-3.148107,1.350795,-28.570972,0.280050610,0.279709758,21.629503,0.131774
81.016768,-3.086769,1.334230,-28.635161,-3.127262,1.339420,-28.677355,0.281542845,0.281215114,21.629503,0.131774
81.066768,-3.062979,1.321227,-28.685744,-3.103536,1.326423,-28.723765,0.283055549,0.282741025,21.629503,0.131774
81.116768,-3.039045,1.308114,-28.696669,-3.081004,1.314079,-28.702091,0.284578706,0.284277434,21.629503,0.131774
81.166768,-3.015274,1.295114,-28.656818,-3.058945,1.302009,-28.668061,0.286090028,0.285801935,21.629503,0.131774
81.216768,-2.991578,1.282166,-28.593616,-3.037142,1.290102,-28.595927,0.287595906,0.287320958,21.629503,0.131774
81.266768,-2.973306,1.272218,-28.524502,-3.015096,1.278108,-28.496804,0.288756095,0.288491318,21.629503,0.131774
81.316768,-2.957522,1.263646,-28.452673,-2.993158,1.266223,-28.390167,0.289757614,0.289501640,21.629503,0.131774
81.366768,-2.936293,1.252192,-28.336300,-2.971292,1.254433,-28.266068,0.291103824,0.290859755,21.629503,0.131774
81.416768,-2.912515,1.239388,-28.199068,-2.949256,1.242617,-28.129746,0.292611448,0.292380735,21.629503,0.131774
81.466768,-2.888730,1.226690,-28.049321,-2.927760,1.231156,-27.987504,0.294115718,0.293898475,21.629503,0.131774
81.516768,-2.864943,1.214039,-27.893790,-2.905126,1.219164,-27.838171,0.295618437,0.295414718,21.629503,0.131774
81.566768,-2.841052,1.201449,-27.743013,-2.882994,1.207512,-27.693325,0.297124298,0.296934279,21.629503,0.131774
81.616768,-2.817111,1.188886,-27.594468,-2.860802,1.195896,-27.561646,0.298631636,0.298455399,21.629503,0.131774
81.666768,-2.798687,1.179271,-27.490318,-2.839011,1.184550,-27.442613,0.299790218,0.299624645,21.629503,0.131774
81.716768,-2.782821,1.171024,-27.406757,-2.817326,1.173314,-27.337126,0.300787061,0.300630707,21.629503,0.131774
81.766768,-2.761390,1.159952,-27.313781,-2.794604,1.161590,-27.246650,0.302131786,0.301987953,21.629503,0.131774
81.816768,-2.737217,1.147487,-27.216166,-2.772648,1.150303,-27.163771,0.303647934,0.303518250,21.629503,0.131774
81.866768,-2.713297,1.135214,-27.135890,-2.751557,1.139496,-27.097199,0.305146650,0.305031035,21.629503,0.131774
81.916768,-2.689493,1.123028,-27.063607,-2.729554,1.128252,-27.035969,0.306637329,0.306535747,21.629503,0.131774
81.966768,-2.665375,1.110727,-26.996411,-2.706625,1.116565,-26.981319,0.308146480,0.308059168,21.629503,0.131774
82.016768,-2.641099,1.098369,-26.931777,-2.683398,1.104754,-26.915631,0.309664931,0.309592008,21.629503,0.131774
82.066768,-2.617353,1.086340,-26.838079,-2.662326,1.094073,-26.834313,0.311149057,0.311090269,21.629503,0.131774
82.116768,-2.593853,1.074464,-26.730881,-2.638711,1.082155,-26.716842,0.312617239,0.312572469,21.629503,0.131774
82.166768,-2.574768,1.064866,-26.630873,-2.616509,1.071008,-26.598413,0.313808255,0.313774917,21.629503,0.131774
82.216768,-2.558246,1.056590,-26.535038,-2.594219,1.059879,-26.452825,0.314838392,0.314814987,21.629503,0.131774
82.266768,-2.536517,1.045807,-26.375790,-2.571554,1.048641,-26.279419,0.316190441,0.316180201,21.629503,0.131774
82.316768,-2.512392,1.033871,-26.187370,-2.549366,1.037728,-26.093893,0.317690578,0.317694989,21.629503,0.131774
82.366768,-2.488160,1.022027,-25.973031,-2.526623,1.026637,-25.888338,0.319193722,0.319212996,21.629503,0.131774
82.416768,-2.463876,1.010229,-25.746420,-2.504143,1.015779,-25.665804,0.320698288,0.320732527,21.629503,0.131774
82.466768,-2.439493,0.998548,-25.525709,-2.481693,1.005039,-25.455181,0.322204983,0.322254408,21.629503,0.131774
82.516768,-2.415061,0.986923,-25.307789,-2.459460,0.994500,-25.263690,0.323712686,0.323777403,21.629503,0.131774
82.566768,-2.390623,0.975435,-25.113268,-2.436423,0.983672,-25.082317,0.325217469,0.325297625,21.629503,0.131774
82.616768,-2.366180,0.964010,-24.929616,-2.413781,0.973115,-24.910180,0.326720897,0.326816560,21.629503,0.131774
82.666768,-2.347260,0.955233,-24.803710,-2.391055,0.962593,-24.769558,0.327883035,0.327990770,21.629503,0.131774
82.716768,-2.330919,0.947694,-24.704790,-2.368731,0.952322,-24.635730,0.328885688,0.329003888,21.629503,0.131774
82.766768,-2.308971,0.937649,-24.580565,-2.346399,0.942109,-24.513845,0.330230468,0.330362812,21.629503,0.131774
82.816768,-2.284397,0.926430,-24.444491,-2.322953,0.931448,-24.384132,0.331735438,0.331883648,21.629503,0.131774
82.866768,-2.259902,0.915336,-24.330451,-2.300465,0.921279,-24.278393,0.333234023,0.333398133,21.629503,0.131774
82.916768,-2.235443,0.904300,-24.226679,-2.277632,0.911000,-24.194013,0.334729631,0.334909659,21.629503,0.131774
82.966768,-2.210790,0.893235,-24.148419,-2.254769,0.900746,-24.116425,0.336236400,0.336432529,21.629503,0.131774
83.016768,-2.186042,0.882157,-24.082685,-2.231939,0.890538,-24.066977,0.337748649,0.337960969,21.629503,0.131774
83.066768,-2.166978,0.873643,-24.036224,-2.209204,0.880393,-24.029451,0.338912376,0.339137198,21.629503,0.131774
83.116768,-2.150571,0.866327,-23.998771,-2.186169,0.870137,-23.957938,0.339913232,0.340148833,21.629503,0.131774
83.166768,-2.128505,0.856533,-23.929412,-2.163392,0.860033,-23.882458,0.341258060,0.341508202,21.629503,0.131774
83.216768,-2.103751,0.845562,-23.844890,-2.140417,0.849879,-23.800584,0.342766373,0.343032844,21.629503,0.131774
83.266768,-2.078998,0.834653,-23.753328,-2.117544,0.839810,-23.714640,0.344273132,0.344555996,21.629503,0.131774
83.316768,-2.054246,0.823774,-23.658507,-2.094821,0.829849,-23.624572,0.345779173,0.346078457,21.629503,0.131774
83.366768,-2.029509,0.812973,-23.546713,-2.072136,0.819944,-23.539502,0.347282639,0.347598400,21.629503,0.131774
83.416768,-2.004779,0.802208,-23.427161,-2.048918,0.809858,-23.410414,0.348784927,0.349117192,21.629503,0.131774
83.466768,-1.980003,0.791529,-23.267343,-2.025983,0.799964,-23.254665,0.350287942,0.350636840,21.629503,0.131774
83.516768,-1.955205,0.780889,-23.088937,-2.003237,0.790226,-23.085184,0.351791292,0.352156883,21.629503,0.131774
83.566768,-1.936111,0.772772,-22.941491,-1.980016,0.780370,-22.900311,0.352946982,0.353325494,21.629503,0.131774
83.616768,-1.919657,0.765822,-22.808375,-1.957020,0.770698,-22.713628,0.353941761,0.354331449,21.629503,0.131774
83.666768,-1.897421,0.756543,-22.632777,-1.933987,0.761100,-22.527847,0.355283587,0.355688482,21.629503,0.131774
83.716768,-1.872314,0.746108,-22.436078,-1.910995,0.751603,-22.353373,0.356797783,0.357219887,21.629503,0.131774
83.766768,-1.847277,0.735832,-22.254479,-1.887917,0.742151,-22.184988,0.358305399,0.358744777,21.629503,0.131774
83.816768,-1.822273,0.725631,-22.079915,-1.864761,0.732741,-22.030223,0.359809948,0.360266631,21.629503,0.131774
83.866768,-1.797326,0.715569,-21.913486,-1.841354,0.723308,-21.869769,0.361308215,0.361782274,21.629503,0.131774
83.916768,-1.772404,0.705572,-21.750821,-1.818319,0.714093,-21.727958,0.362803574,0.363295042,21.629503,0.131774
83.966768,-1.752975,0.697840,-21.618787,-1.795016,0.704841,-21.571017,0.363967977,0.364473075,21.629503,0.131774
84.016768,-1.736216,0.691209,-21.501649,-1.772380,0.695927,-21.400076,0.364971428,0.365488320,21.629503,0.131774
84.066768,-1.713743,0.682435,-21.310876,-1.748816,0.686740,-21.189544,0.366316144,0.366848941,21.629503,0.131774
84.116768,-1.688521,0.672628,-21.084692,-1.725375,0.677702,-20.973156,0.367824965,0.368375643,21.629503,0.131774
84.166768,-1.663289,0.662959,-20.903514,-1.702083,0.668811,-20.814393,0.369330165,0.369898865,21.629503,0.131774
84.216768,-1.638052,0.653352,-20.743249,-1.679029,0.660075,-20.686299,0.370833683,0.371420471,21.629503,0.131774
84.266768,-1.612807,0.643832,-20.629281,-1.656280,0.651509,-20.581692,0.372335781,0.372940747,21.629503,0.131774
84.316768,-1.587556,0.634350,-20.536772,-1.631809,0.642338,-20.509585,0.373837220,0.374460405,21.629503,0.131774
84.366768,-1.562272,0.624897,-20.485507,-1.608393,0.633591,-20.460957,0.375339899,0.375981373,21.629503,0.131774
84.416768,-1.536971,0.615457,-20.453546,-1.585197,0.624942,-20.438489,0.376843158,0.377502954,21.629503,0.131774
84.466768,-1.517521,0.608205,-20.443048,-1.561645,0.616165,-20.439944,0.377999287,0.378673169,21.629503,0.131774
84.516768,-1.500805,0.601975,-20.442580,-1.538374,0.607492,-20.440984,0.378993196,0.379679188,21.629503,0.131774
84.566768,-1.478249,0.593551,-20.499579,-1.514853,0.598717,-20.496887,0.380334134,0.381036462,21.629503,0.131774
84.616768,-1.452754,0.584023,-20.585492,-1.491409,0.589926,-20.620000,0.381849675,0.382570466,21.629503,0.131774
84.666768,-1.427466,0.574468,-20.771004,-1.468249,0.581176,-20.793638,0.383357257,0.384096260,21.629503,0.131774
84.716768,-1.402274,0.564900,-21.002992,-1.444793,0.572218,-21.036952,0.384861125,0.385618222,21.629503,0.131774
84.766768,-1.377334,0.555245,-21.289177,-1.422087,0.563428,-21.293550,0.386362275,0.387137053,21.629503,0.131774
84.816768,-1.352511,0.545548,-21.600531,-1.398609,0.554213,-21.592744,0.387862162,0.388654430,21.629503,0.131774
84.866768,-1.333381,0.537954,-21.857725,-1.376032,0.545211,-21.896073,0.389023326,0.389828941,21.629503,0.131774
84.916768,-1.316947,0.531357,-22.089269,-1.353057,0.535906,-22.225809,0.390024047,0.390841046,21.629503,0.131774
84.966768,-1.295019,0.522353,-22.411471,-1.330230,0.526506,-22.562714,0.391369204,0.392201165,21.629503,0.131774
85.016768,-1.270455,0.512194,-22.777196,-1.307743,0.517090,-22.891778,0.392879697,0.393728336,21.629503,0.131774
85.066768,-1.246040,0.501847,-23.146152,-1.285181,0.507486,-23.241237,0.394382377,0.395247400,21.629503,0.131774
85.116768,-1.221695,0.491413,-23.516601,-1.262611,0.497716,-23.591037,0.395881466,0.396762737,21.629503,0.131774
85.166768,-1.197142,0.480663,-23.775227,-1.240260,0.487893,-23.854651,0.397384290,0.398281873,21.629503,0.131774
85.216768,-1.172490,0.469762,-23.980999,-1.216953,0.477548,-24.001686,0.398888880,0.399802805,21.629503,0.131774
85.266768,-1.147818,0.458768,-24.083578,-1.194170,0.467382,-24.091290,0.400395041,0.401325249,21.629503,0.131774
85.316768,-1.123138,0.447730,-24.137584,-1.171371,0.457176,-24.133342,0.401901940,0.402848404,21.629503,0.131774
85.366768,-1.104137,0.439227,-24.136737,-1.149055,0.447180,-24.113956,0.403062041,0.404021011,21.629503,0.131774
85.416768,-1.087762,0.431897,-24.110524,-1.125698,0.436734,-24.077569,0.404061774,0.405031515,21.629503,0.131774
85.466768,-1.065713,0.422055,-24.058279,-1.102802,0.426513,-24.026029,0.405407029,0.406391295,21.629503,0.131774
85.516768,-1.040967,0.411017,-23.993665,-1.079944,0.416340,-23.953800,0.406916458,0.407917032,21.629503,0.131774
85.566768,-1.016259,0.400058,-23.897245,-1.057535,0.406403,-23.867387,0.408422097,0.409439002,21.629503,0.131774
85.616768,-0.991569,0.389134,-23.786203,-1.034869,0.396398,-23.754139,0.409925994,0.410959240,21.629503,0.131774
85.666768,-0.966908,0.378313,-23.653457,-1.011565,0.386173,-23.626585,0.411426287,0.412475929,21.629503,0.131774
85.716768,-0.942260,0.367540,-23.510729,-0.988570,0.376144,-23.490591,0.412924921,0.413990986,21.629503,0.131774
85.766768,-0.923106,0.359226,-23.392365,-0.965896,0.366321,-23.347924,0.414088065,0.415166944,21.629503,0.131774
85.816768,-0.906561,0.352080,-23.285574,-0.942805,0.356388,-23.192435,0.415091840,0.416181821,21.629503,0.131774
85.866768,-0.884342,0.342583,-23.130591,-0.919872,0.346599,-23.029389,0.416438023,0.417542998,21.629503,0.131774
85.916768,-0.859456,0.331981,-22.952969,-0.896800,0.336830,-22.863402,0.417945054,0.419066852,21.629503,0.131774
85.966768,-0.834588,0.321509,-22.778255,-0.873807,0.327171,-22.704550,0.419447974,0.420586698,21.629503,0.131774
86.016768,-0.809728,0.311096,-22.604877,-0.850967,0.317650,-22.542589,0.420949001,0.422104698,21.629503,0.131774
86.066768,-0.784840,0.300796,-22.429224,-0.827708,0.308033,-22.378901,0.422453192,0.423625954,21.629503,0.131774
86.116768,-0.759940,0.290549,-22.252504,-0.804849,0.298659,-22.216147,0.423958863,0.425148732,21.629503,0.131774
86.166768,-0.735119,0.280447,-22.093460,-0.781832,0.289293,-22.060469,0.425463590,0.426670557,21.629503,0.131774
86.216768,-0.710334,0.270414,-21.942576,-0.758854,0.280012,-21.926937,0.426967882,0.428191941,21.629503,0.131774
86.266768,-0.691338,0.262773,-21.848666,-0.736198,0.270916,-21.825124,0.428127044,0.429364179,21.629503,0.131774
86.316768,-0.675000,0.256230,-21.780916,-0.713318,0.261774,-21.732485,0.429127742,0.430376109,21.629503,0.131774
86.366768,-0.653290,0.247593,-21.680874,-0.690898,0.252858,-21.632257,0.430472578,0.431735766,21.629503,0.131774
86.416768,-0.629080,0.237982,-21.565802,-0.668726,0.244090,-21.511511,0.431977582,0.433257263,21.629503,0.131774
86.466768,-0.605211,0.228600,-21.414558,-0.646935,0.235532,-21.361361,0.433479689,0.434775509,21.629503,0.131774
86.516768,-0.581500,0.219324,-21.246673,-0.624726,0.226880,-21.199805,0.434980463,0.436292261,21.629503,0.131774
86.566768,-0.558186,0.210313,-21.074849,-0.603032,0.218501,-21.034267,0.436483085,0.437810407,21.629503,0.131774
86.616768,-0.535057,0.201425,-20.901189,-0.581819,0.210376,-20.876980,0.437986570,0.439329204,21.629503,0.131774
86.666768,-0.517479,0.194729,-20.771232,-0.561110,0.202508,-20.723075,0.439147650,0.440501784,21.629503,0.131774
86.716768,-0.502475,0.189048,-20.661544,-0.540320,0.194673,-20.572333,0.440149924,0.441513791,21.629503,0.131774
86.766768,-0.482998,0.181753,-20.516375,-0.520754,0.187357,-20.425791,0.441494122,0.442870296,21.629503,0.131774
86.816768,-0.461458,0.173714,-20.354846,-0.500793,0.179953,-20.275493,0.442995972,0.444385643,21.629503,0.131774
86.866768,-0.440551,0.165996,-20.209005,-0.481879,0.172990,-20.143187,0.444491125,0.445893621,21.629503,0.131774
86.916768,-0.419937,0.158428,-20.070412,-0.462378,0.165860,-20.018374,0.445983184,0.447398196,21.629503,0.131774
86.966768,-0.399550,0.151011,-19.936329,-0.443516,0.159009,-19.910673,0.447488483,0.448915662,21.629503,0.131774
87.016768,-0.379273,0.143668,-19.804461,-0.425320,0.152435,-19.793104,0.449000283,0.450439459,21.629503,0.131774
87.066768,-0.359277,0.136527,-19.586788,-0.406700,0.145770,-19.584333,0.450505643,0.451956568,21.629503,0.131774
87.116768,-0.339411,0.129477,-19.329453,-0.388411,0.139304,-19.340457,0.452008026,0.453470586,21.629503,0.131774
87.166768,-0.324310,0.124210,-19.080207,-0.370305,0.133001,-19.015576,0.453164791,0.454636124,21.629503,0.131774
87.216768,-0.311401,0.119763,-18.834680,-0.352299,0.126855,-18.666164,0.454162497,0.455641286,21.629503,0.131774
87.266768,-0.294310,0.114035,-18.480090,-0.334642,0.120953,-18.289352,0.455503921,0.456992501,21.629503,0.131774
87.316768,-0.275234,0.107698,-18.073742,-0.317544,0.115362,-17.909508,0.457008437,0.458507916,21.629503,0.131774
87.366768,-0.256508,0.101689,-17.636655,-0.299896,0.109725,-17.494327,0.458511802,0.460021880,21.629503,0.131774
87.416768,-0.237947,0.095833,-17.185246,-0.282849,0.104421,-17.062142,0.460014633,0.461535167,21.629503,0.131774
87.466768,-0.220041,0.090397,-16.714148,-0.266229,0.099386,-16.629093,0.461512888,0.463043286,21.629503,0.131774
87.516768,-0.202437,0.085156,-16.233959,-0.251234,0.094964,-16.208502,0.463009034,0.464549025,21.629503,0.131774
87.566768,-0.189078,0.081299,-15.849045,-0.234272,0.090112,-15.708547,0.464169954,0.465717111,21.629503,0.131774
87.616768,-0.177734,0.078098,-15.509323,-0.218888,0.085854,-15.227378,0.465171820,0.466724992,21.629503,0.131774
87.666768,-0.163290,0.074201,-15.041569,-0.204549,0.082012,-14.754321,0.466511278,0.468071819,21.629503,0.131774
87.716768,-0.147393,0.069976,-14.513795,-0.189940,0.078231,-14.255326,0.468008945,0.469577489,21.629503,0.131774
87.766768,-0.133112,0.066347,-14.094707,-0.175657,0.074668,-13.775474,0.469512072,0.471087148,21.629503,0.131774
87.816768,-0.119601,0.063001,-13.727458,-0.165230,0.072132,-13.603126,0.471017805,0.472598709,21.629503,0.131774
87.866768,-0.112623,0.061289,-13.608826,-0.158978,0.070620,-13.598656,0.472520302,0.474102091,21.629503,0.131774
87.916768,-0.108662,0.060332,-13.604979,-0.157425,0.070244,-13.598655,0.474021304,0.475601697,21.629503,0.131774
87.966768,-0.107417,0.060032,-13.603164,-0.157425,0.070244,-13.598655,0.475520197,0.477098678,21.629503,0.131774
88.016768,-0.107417,0.060032,-13.602282,-0.157425,0.070244,-13.598655,0.477018122,0.478594456,21.629503,0.131774
88.066768,-0.107417,0.060033,-13.601721,-0.157425,0.070244,-13.598655,0.478174386,0.479749566,21.629503,0.131774
88.116768,-0.107417,0.060033,-13.601310,-0.157425,0.070244,-13.598655,0.479172189,0.480746675,21.629503,0.131774
88.166768,-0.107417,0.060033,-13.600882,-0.157425,0.070244,-13.598655,0.480513516,0.482087423,21.629503,0.131774
88.216768,-0.107417,0.060033,-13.600445,-0.157425,0.070244,-13.598655,0.482017341,0.483590723,21.629503,0.131774
88.266768,-0.107417,0.060033,-13.600111,-0.157425,0.070244,-13.598655,0.483518386,0.485091449,21.629503,0.131774
88.316768,-0.107417,0.060033,-13.599826,-0.157425,0.070244,-13.598655,0.485018147,0.486590986,21.629503,0.131774
88.366768,-0.107417,0.060033,-13.599609,-0.157425,0.070244,-13.598655,0.486515250,0.488087953,21.629503,0.131774
88.416768,-0.107417,0.060034,-13.599422,-0.157425,0.070244,-13.598655,0.488011124,0.489583731,21.629503,0.131774
88.466768,-0.107417,0.060034,-13.599303,-0.157425,0.070244,-13.598655,0.489172041,0.490744596,21.629503,0.131774
88.516768,-0.107417,0.060034,-13.599216,-0.157425,0.070244,-13.598655,0.490174036,0.491746560,21.629503,0.131774
88.566768,-0.107417,0.060034,-13.599126,-0.157425,0.070244,-13.598655,0.491513354,0.493085852,21.629503,0.131774
88.616768,-0.107417,0.060034,-13.599034,-0.157425,0.070244,-13.598655,0.493009807,0.494582282,21.629503,0.131774
88.666768,-0.107417,0.060034,-13.598963,-0.157425,0.070244,-13.598655,0.494510262,0.496082723,21.629503,0.131774
88.716768,-0.107417,0.060034,-13.598903,-0.157425,0.070244,-13.598655,0.496012623,0.497585074,21.629503,0.131774
88.766768,-0.107417,0.060034,-13.598857,-0.157425,0.070244,-13.598655,0.497513115,0.499085560,21.629503,0.131774
88.816768,-0.107417,0.060034,-13.598817,-0.157425,0.070244,-13.598655,0.499012730,0.500585170,21.629503,0.131774
88.866768,-0.107417,0.060034,-13.598787,-0.157425,0.070244,-13.598655,0.500515232,0.502087669,21.629503,0.131774
88.916768,-0.107417,0.060034,-13.598761,-0.157425,0.070244,-13.598655,0.502019091,0.503591527,21.629503,0.131774
88.966768,-0.107417,0.060034,-13.598745,-0.157425,0.070244,-13.598655,0.503171458,0.504743892,21.629503,0.131774
89.016768,-0.107417,0.060034,-13.598733,-0.157425,0.070244,-13.598655,0.504162363,0.505734797,21.629503,0.131774
89.066768,-0.107417,0.060034,-13.598720,-0.157425,0.070244,-13.598655,0.505499173,0.507071607,21.629503,0.131774
89.116768,-0.107417,0.060034,-13.598708,-0.157425,0.070244,-13.598655,0.507008774,0.508581207,21.629503,0.131774
89.166768,-0.107417,0.060034,-13.598698,-0.157425,0.070244,-13.598655,0.508515470,0.510087903,21.629503,0.131774
89.216768,-0.107417,0.060034,-13.598689,-0.157425,0.070244,-13.598655,0.510020798,0.511593231,21.629503,0.131774
89.266768,-0.107417,0.060034,-13.598683,-0.157425,0.070244,-13.598655,0.511520045,0.513092478,21.629503,0.131774
89.316768,-0.107417,0.060034,-13.598678,-0.157425,0.070244,-13.598655,0.513016518,0.514588950,21.629503,0.131774
89.366768,-0.107417,0.060034,-13.598674,-0.157425,0.070244,-13.598655,0.514174266,0.515746698,21.629503,0.131774
89.416768,-0.107417,0.060034,-13.598672,-0.157425,0.070244,-13.598655,0.515174045,0.516746478,21.629503,0.131774
89.466768,-0.107417,0.060034,-13.598669,-0.157425,0.070244,-13.598655,0.516515906,0.518088338,21.629503,0.131774
89.516768,-0.107417,0.060034,-13.598666,-0.157425,0.070244,-13.598655,0.518017626,0.519590058,21.629503,0.131774
89.566768,-0.107417,0.060034,-13.598664,-0.157425,0.070244,-13.598655,0.519516813,0.521089245,21.629503,0.131774
89.616768,-0.107417,0.060034,-13.598662,-0.157425,0.070244,-13.598655,0.521014828,0.522587261,21.629503,0.131774
89.666768,-0.107417,0.060034,-13.598661,-0.157425,0.070244,-13.598655,0.522516159,0.524088591,21.629503,0.131774
89.716768,-0.107417,0.060034,-13.598660,-0.157425,0.070244,-13.598655,0.524019041,0.525591474,21.629503,0.131774
89.766768,-0.107417,0.060034,-13.598659,-0.157425,0.070244,-13.598655,0.525518600,0.527091032,21.629503,0.131774
89.816768,-0.107417,0.060034,-13.598658,-0.157425,0.070244,-13.598655,0.527016630,0.528589062,21.629503,0.131774
89.866768,-0.107417,0.060034,-13.598658,-0.157425,0.070244,-13.598655,0.528175014,0.529747447,21.629503,0.131774
89.916768,-0.107417,0.060034,-13.598657,-0.157425,0.070244,-13.598655,0.529175297,0.530747729,21.629503,0.131774
89.966768,-0.107417,0.060034,-13.598657,-0.157425,0.070244,-13.598655,0.530518003,0.532090436,21.629503,0.131774
90.016768,-0.107417,0.060034,-13.598657,-0.157425,0.070244,-13.598655,0.532019691,0.533592124,21.629503,0.131774
90.066768,-0.107417,0.060034,-13.598656,-0.157425,0.070244,-13.598655,0.533517772,0.535090204,21.629503,0.131774
90.116768,-0.107417,0.060034,-13.598656,-0.157425,0.070244,-13.598655,0.535014195,0.536586627,21.629503,0.131774
90.166768,-0.107417,0.060034,-13.598656,-0.157425,0.070244,-13.598655,0.536514641,0.538087074,21.629503,0.131774
90.216768,-0.107417,0.060034,-13.598656,-0.157425,0.070244,-13.598655,0.538016978,0.539589411,21.629503,0.131774
90.266768,-0.107417,0.060034,-13.598656,-0.157425,0.070244,-13.598655,0.539174060,0.540746493,21.629503,0.131774
90.316768,-0.107417,0.060034,-13.598656,-0.157425,0.070244,-13.598655,0.540171275,0.541743707,21.629503,0.131774
90.366768,-0.107417,0.060034,-13.598656,-0.157425,0.070244,-13.598655,0.541511801,0.543084233,21.629503,0.131774
90.416768,-0.107417,0.060034,-13.598656,-0.157425,0.070244,-13.598655,0.543015434,0.544587866,21.629503,0.131774
90.466768,-0.107417,0.060034,-13.598655,-0.157425,0.070244,-13.598655,0.544516262,0.546088695,21.629503,0.131774
90.516768,-0.107417,0.060034,-13.598655,-0.157425,0.070244,-13.598655,0.546015788,0.547588221,21.629503,0.131774
90.566768,-0.107417,0.060034,-13.598655,-0.157425,0.070244,-13.598655,0.547514143,0.549086575,21.629503,0.131774
90.616768,-0.107417,0.060034,-13.598655,-0.157425,0.070244,-13.598655,0.549011952,0.550584384,21.629503,0.131774
90.666768,-0.107417,0.060034,-13.598655,-0.157425,0.070244,-13.598655,0.550513114,0.552085546,21.629503,0.131774
90.716768,-0.107417,0.060034,-13.598655,-0.157425,0.070244,-13.598655,0.552015860,0.553588292,21.629503,0.131774
90.766768,-0.107417,0.060034,-13.598655,-0.157425,0.070244,-13.598655,0.553169235,0.554741667,21.629503,0.131774
90.816768,-0.107417,0.060034,-13.598655,-0.157425,0.070244,-13.598655,0.554160344,0.555732776,21.629503,0.131774
90.866768,-0.107417,0.060034,-13.598655,-0.157425,0.070244,-13.598655,0.555491678,0.557064110,21.629503,0.131774
90.916768,-0.107417,0.060034,-13.598655,-0.157425,0.070244,-13.598655,0.556994474,0.558566906,21.629503,0.131774
90.966768,-0.107417,0.060034,-13.598655,-0.157425,0.070244,-13.598655,0.558497495,0.560069928,21.629503,0.131774
91.016768,-0.107417,0.060034,-13.598655,-0.157425,0.070244,-13.598655,0.560000629,0.561573062,21.629503,0.131774
91.066768,-0.107417,0.060034,-13.598655,-0.157425,0.070244,-13.598655,0.561501853,0.563074285,21.629503,0.131774
91.116768,-0.107417,0.060034,-13.598655,-0.157425,0.070244,-13.598655,0.563002147,0.564574580,21.629503,0.131774
91.166768,-0.107417,0.060034,-13.598655,-0.157425,0.070244,-13.598655,0.564166250,0.565738682,21.629503,0.131774
91.216768,-0.107417,0.060034,-13.598655,-0.157425,0.070244,-13.598655,0.565167143,0.566739576,21.629503,0.131774
91.266768,-0.107417,0.060034,-13.598655,-0.157425,0.070244,-13.598655,0.566510454,0.568082886,21.629503,0.131774
91.316768,-0.107417,0.060034,-13.598655,-0.157425,0.070244,-13.598655,0.568018650,0.569591083,21.629503,0.131774
91.366768,-0.107417,0.060034,-13.598655,-0.157425,0.070244,-13.598655,0.569518016,0.571090448,21.629503,0.131774
91.416768,-0.107417,0.060034,-13.598655,-0.157425,0.070244,-13.598655,0.571013336,0.572585769,21.629503,0.131774
91.466768,-0.107417,0.060034,-13.598655,-0.157425,0.070244,-13.598655,0.572505769,0.574078201,21.629503,0.131774
91.516768,-0.107417,0.060034,-13.598655,-0.157425,0.070244,-13.598655,0.573996840,0.575569273,21.629503,0.131774
91.566768,-0.107417,0.060034,-13.598655,-0.157425,0.070244,-13.598655,0.575165548,0.576737981,21.629503,0.131774
91.616768,-0.107417,0.060034,-13.598655,-0.157425,0.070244,-13.598655,0.576173758,0.577746191,21.629503,0.131774
91.666768,-0.107417,0.060034,-13.598655,-0.157425,0.070244,-13.598655,0.577516781,0.579089213,21.629503,0.131774
91.716768,-0.107417,0.060034,-13.598655,-0.157425,0.070244,-13.598655,0.579014557,0.580586990,21.629503,0.131774
91.766768,-0.107417,0.060034,-13.598655,-0.157425,0.070244,-13.598655,0.580515522,0.582087955,21.629503,0.131774
91.816768,-0.107417,0.060034,-13.598655,-0.157425,0.070244,-13.598655,0.582017981,0.583590414,21.629503,0.131774
91.866768,-0.107417,0.060034,-13.598655,-0.157425,0.070244,-13.598655,0.583518150,0.585090582,21.629503,0.131774
91.916768,-0.107417,0.060034,-13.598655,-0.157425,0.070244,-13.598655,0.585017261,0.586589694,21.629503,0.131774
91.966768,-0.107417,0.060034,-13.598655,-0.157425,0.070244,-13.598655,0.586174546,0.587746978,21.629503,0.131774
92.016768,-0.107417,0.060034,-13.598655,-0.157425,0.070244,-13.598655,0.587173190,0.588745622,21.629503,0.131774
92.066768,-0.107417,0.060034,-13.598655,-0.157425,0.070244,-13.598655,0.588514942,0.590087374,21.629503,0.131774
92.116768,-0.107417,0.060034,-13.598655,-0.157425,0.070244,-13.598655,0.590017935,0.591590368,21.629503,0.131774
